# r  g_300K  g_600K  g_900K
0.01 0 0 0
0.03 0 0 0
0.05 0 0 0
0.07 0 0 0
0.09 0 0 0
0.11 0 0 0
0.13 0 0 0
0.15 0 0 0
0.17 0 0 0
0.19 0 0 0
0.21 0 0 0
0.23 0 0 0
0.25 0 0 0
0.27 0 0 0
0.29 0 0 0
0.31 0 0 0
0.33 0 0 0
0.35 0 0 0
0.37 0 0 0
0.39 0 0 0
0.41 0 0 0
0.43 0 0 0
0.45 0 0 0
0.47 0 0 0
0.49 0 0 0
0.51 0 0 0
0.53 0 0 0
0.55 0 0 0
0.57 0 0 0
0.59 0 0 0
0.61 0 0 0
0.63 0 0 0
0.65 0 0 0
0.67 0 0 0
0.69 0 0 0
0.71 0 0 0
0.73 0 0 0
0.75 0 0 0
0.77 0 0 0
0.79 0 0 0
0.81 0 0 0
0.83 0 0 0
0.85 0 0 0
0.87 0 0 0
0.89 0 0 0
0.91 0 0 0
0.93 0 0 0
0.95 0 0 0
0.97 0 0 0
0.99 0 0 0
1.01 0 0 0
1.03 0 0 0
1.05 0 0 0
1.07 0 0 0
1.09 0 0 0
1.11 0 0 0
1.13 0 0 0
1.15 0 0 0
1.17 0 0 0
1.19 0 0 0
1.21 0 0 0
1.23 0 0 0
1.25 0 0 0
1.27 0 0 0
1.29 0 0 0
1.31 0 0 0
1.33 0 0 0
1.35 0 0 0
1.37 0 0 0
1.39 0 0 0
1.41 0 0 0
1.43 0 0 0
1.45 0 0 0
1.47 0 0 0
1.49 0 0 0
1.51 0 0 0
1.53 0 0 0
1.55 0 0 0
1.57 0 0 0
1.59 0 0 0
1.61 0 0 0
1.63 0 0 0
1.65 0 0 0
1.67 0 0 0
1.69 0 0 0
1.71 0 0 0
1.73 0 0 0
1.75 0 0 0
1.77 0 0 0
1.79 0 0 0
1.81 0 0 0
1.83 0 0 0
1.85 0 0 0
1.87 0 0 0
1.89 0 0 0
1.91 0 0 0
1.93 0 0 0
1.95 0 0 0
1.97 0 0 0
1.99 0 0 0
2.01 0 0 0
2.03 0 0 0
2.05 0 0 0
2.07 0.0396942 0.159722 0.120511
2.09 1.43988 1.09783 0.986345
2.11 1.5278 1.34574 1.54758
2.13 0.749508 0.906231 0.873126
2.15 0.882966 0.926268 1.00588
2.17 0.938733 0.981616 0.804748
2.19 0.496103 0.606435 0.575385
2.21 0.66176 0.525814 0.881364
2.23 0.580762 0.826403 0.65846
2.25 0.604511 0.64283 0.7144
2.27 0.89064 0.698472 0.468122
2.29 0.713154 0.978862 0.787908
2.31 0.76459 0.898495 0.871497
2.33 0.783192 0.820152 0.633206
2.35 1.13874 1.1475 0.99866
2.37 1.27091 1.46291 0.581728
2.39 1.54733 1.25851 1.71947
2.41 1.28795 1.41468 1.57309
2.43 1.20911 1.56545 1.92539
2.45 1.86886 1.73982 1.75019
2.47 2.14568 1.71183 1.63646
2.49 1.89238 1.96056 2.16805
2.51 2.29476 2.09271 2.35207
2.53 2.0978 1.89942 1.31869
2.55 2.24889 2.02742 2.22488
2.57 2.13664 1.9443 2.00902
2.59 1.79917 2.09295 2.13281
2.61 2.19579 2.1863 2.04825
2.63 2.45808 2.02942 2.29131
2.65 2.20299 1.80394 2.30568
2.67 2.26535 2.40165 2.77883
2.69 2.16173 2.3432 2.28606
2.71 2.31493 2.40044 1.92316
2.73 2.60046 2.13629 2.08026
2.75 2.31559 2.21863 2.45879
2.77 2.37077 2.25398 1.77375
2.79 2.16227 2.46275 1.90418
2.81 2.58359 2.31981 2.07233
2.83 2.14409 2.47962 2.28042
2.85 2.19819 2.48727 2.07757
2.87 2.35256 2.45211 2.32162
2.89 2.38152 1.88644 2.55863
2.91 2.32887 1.84024 2.50353
2.93 2.1787 2.17431 2.1474
2.95 2.61765 2.6367 1.8806
2.97 2.19709 2.34959 2.13009
2.99 2.32044 1.74337 2.19776
3.01 1.76389 2.05939 2.35816
3.03 1.81474 1.60355 1.7257
3.05 1.69953 1.74867 1.85099
3.07 1.42487 1.68996 1.6995
3.09 1.51345 1.7206 1.46105
3.11 1.08973 1.2037 1.46056
3.13 1.14549 1.25839 1.35373
3.15 1.19935 1.10394 1.12808
3.17 1.01491 1.05641 0.976772
3.19 1.10264 1.07714 1.13417
3.21 0.907473 0.997159 1.13694
3.23 1.18976 0.919218 1.02425
3.25 0.997668 0.956163 0.96289
3.27 0.858703 0.992581 0.983696
3.29 0.989351 1.20211 0.939027
3.31 0.636255 0.828465 0.990682
3.33 0.659159 0.679425 1.11789
3.35 0.545268 0.656017 0.736607
3.37 0.68864 0.768669 0.621676
3.39 0.798776 1.01281 0.884256
3.41 0.745525 0.883274 0.829568
3.43 0.939547 0.888022 0.71756
3.45 0.828497 0.633006 0.824728
3.47 0.790708 0.739612 0.615087
3.49 0.795646 0.815369 0.990258
3.51 0.676223 0.875501 0.908861
3.53 0.791277 0.837956 0.981924
3.55 1.02534 0.828415 0.902222
3.57 0.827153 0.819096 0.825174
3.59 0.883751 0.836743 0.708579
3.61 0.926152 0.972103 0.991606
3.63 0.967778 0.857695 0.784452
3.65 0.880514 0.771483 0.607303
3.67 0.580405 0.813476 0.741539
3.69 0.823845 0.691878 0.695589
3.71 0.741027 0.721448 0.738273
3.73 0.57446 0.664124 0.594569
3.75 0.701222 0.876296 0.735179
3.77 0.729813 0.75922 0.751523
3.79 0.757694 0.787009 0.923469
3.81 0.772857 0.978256 0.747398
3.83 0.741803 0.59526 0.53989
3.85 0.734032 1.00509 0.964493
3.87 0.862678 0.92611 0.782373
3.89 0.797601 0.826008 0.842529
3.91 0.811844 0.739064 0.923591
3.93 0.825703 0.820415 1.1267
3.95 0.937058 0.724143 0.828094
3.97 0.927763 0.749604 1.00588
3.99 0.811568 0.914251 0.865848
4.01 0.961973 1.02231 0.888828
4.03 1.06794 1.13824 0.944003
4.05 1.09852 1.07489 1.11253
4.07 1.10826 0.919954 0.852816
4.09 0.904596 0.756996 0.988478
4.11 1.04658 1.18603 1.0408
4.13 1.13615 0.863416 1.11177
4.15 0.839178 1.21311 1.03017
4.17 1.09491 0.91578 0.951662
4.19 1.12331 1.15068 1.0304
4.21 1.13207 0.714919 1.04981
4.23 1.01675 1.10075 0.9915
4.25 1.06353 1.00452 0.991831
4.27 0.932404 1.07052 0.783962
4.29 0.960821 0.883403 0.954464
4.31 0.979443 0.958669 1.1036
4.33 0.970214 1.16913 1.02916
4.35 1.08708 1.13102 1.12892
4.37 1.07706 1.32679 1.09138
4.39 1.15566 0.950394 1.18896
4.41 0.952764 0.98597 1.02687
4.43 1.11755 1.20428 1.1416
4.45 1.19327 1.03783 1.20884
4.47 1.16571 1.20784 1.02607
4.49 1.05409 1.25703 1.05109
4.51 1.10313 1.19524 1.01706
4.53 1.23455 1.12628 1.17455
4.55 1.13329 1.18262 1.17371
4.57 1.24522 1.2547 1.2047
4.59 1.15397 1.21908 1.00607
4.61 1.06418 1.11166 1.25627
4.63 1.15023 1.16619 1.1657
4.65 1.2662 1.10058 1.3387
4.67 1.1068 1.12275 0.994931
4.69 1.11299 0.996307 1.18227
4.71 1.18779 1.14196 1.09515
4.73 1.20044 1.16335 1.1779
4.75 1.25838 1.33558 1.22227
4.77 1.15073 1.30203 1.25686
4.79 1.2671 1.19369 0.991056
4.81 1.25666 1.24369 1.08675
4.83 1.32623 1.13755 1.15223
4.85 1.31554 1.27391 1.17917
4.87 1.38322 1.30685 1.28516
4.89 1.12329 1.1382 1.33995
4.91 1.31168 1.17839 1.34312
4.93 1.20335 1.18357 1.17676
4.95 1.10318 1.18763 1.20899
4.97 1.24566 1.28859 1.50672
4.99 1.22905 1.2794 1.28031
5.01 1.13112 1.15955 1.04287
5.03 1.16917 1.03517 1.20532
5.05 1.02661 1.08794 1.13471
5.07 1.31627 0.919279 0.952031
5.09 1.08271 1.11026 1.11075
5.11 1.08074 1.08203 1.03551
5.13 0.885067 1.11225 1.0604
5.15 0.987181 1.11668 0.863857
5.17 0.985864 1.07624 0.986025
5.19 0.864495 1.01049 0.934039
5.21 0.927099 0.882831 1.09176
5.23 1.10626 1.15809 1.03934
5.25 0.857399 0.845019 1.02522
5.27 0.826372 0.838388 0.800251
5.29 0.862762 0.936354 0.960448
5.31 0.795824 0.947175 0.867819
5.33 0.82588 0.783498 0.843121
5.35 0.843579 0.849284 0.963236
5.37 0.801774 0.724472 0.842511
5.39 0.959731 0.848826 0.913434
5.41 0.94688 0.848255 0.994312
5.43 0.789908 0.882744 1.01633
5.45 0.973145 0.985741 0.858216
5.47 0.914873 1.00104 0.979006
5.49 0.8629 0.880458 0.903279
5.51 0.963215 1.00959 0.924839
5.53 0.956209 0.789486 0.861831
5.55 1.00444 0.878298 0.995815
5.57 0.904091 0.827745 0.971444
5.59 0.903231 0.903736 0.93146
5.61 0.885907 0.930398 0.892181
5.63 0.863569 0.847946 0.869845
5.65 0.782899 0.954656 1.0524
5.67 0.840835 0.958583 0.878628
5.69 0.939903 0.86716 0.941968
5.71 0.886236 0.86639 0.876839
5.73 0.854407 0.907234 0.928276
5.75 0.884494 0.942558 0.838568
5.77 0.7098 0.900125 0.879597
5.79 0.922975 0.883551 0.888993
5.81 0.926755 0.882415 0.903281
5.83 0.92544 0.886757 0.790431
5.85 0.864379 0.890473 0.936133
5.87 0.967217 0.914246 0.940095
5.89 0.911463 0.967411 0.933358
5.91 1.04637 1.04923 0.912612
5.93 0.962071 0.88593 0.940487
5.95 0.801964 0.952805 0.885649
5.97 0.978017 0.91748 0.932248
5.99 1.05659 0.925415 0.994198
6.01 0.997679 1.01896 1.0301
6.03 0.972556 0.974475 0.956982
6.05 0.952194 0.930912 1.02116
6.07 1.1306 0.966697 1.05677
6.09 0.999271 1.07095 1.08718
6.11 1.1158 1.03661 0.992367
6.13 1.09926 1.02504 1.15554
6.15 1.16867 1.01415 0.97934
6.17 1.12108 1.03447 0.995331
6.19 0.998263 1.0724 1.07443
6.21 1.14628 1.13661 1.00971
6.23 1.11698 1.04995 1.0743
6.25 1.04883 1.10012 1.01439
6.27 0.981696 1.08869 1.02095
6.29 0.958213 1.09063 1.08002
6.31 0.935108 0.976361 1.14706
6.33 0.975722 1.04282 1.03175
6.35 1.0246 0.946854 0.943997
6.37 1.03493 0.987187 1.01067
6.39 0.907715 1.12786 1.09695
6.41 1.06755 1.04584 0.993623
6.43 0.953989 1.06419 0.966565
6.45 1.00115 1.11969 1.05177
6.47 1.10464 0.993583 1.111
6.49 1.03734 1.10564 0.969629
6.51 1.2155 0.97774 1.03239
6.53 1.02068 0.963681 1.0706
6.55 1.12951 1.01793 1.00766
6.57 1.16581 0.955525 1.10564
6.59 1.06083 1.26904 1.05509
6.61 1.0623 0.968034 1.00535
6.63 1.03644 1.06737 1.06591
6.65 1.10708 0.971807 0.97785
6.67 0.962964 1.00441 1.01849
6.69 1.00286 0.96784 1.02027
6.71 0.842228 0.916629 0.991178
6.73 0.998353 1.03203 0.962346
6.75 0.888068 0.992152 0.861993
6.77 1.0534 0.986249 1.08965
6.79 0.980886 0.89879 0.99039
6.81 1.05212 1.08162 0.980567
6.83 0.951141 1.11566 0.993266
6.85 1.02163 1.15284 1.05361
6.87 1.1383 1.09565 0.956681
6.89 0.941955 0.991748 1.09602
6.91 0.964855 1.03994 1.13655
6.93 1.09031 1.09107 1.04742
6.95 1.07711 1.01387 1.06295
6.97 1.10578 1.02923 0.936236
6.99 1.05441 0.952929 1.00117
7.01 1.08634 0.968586 0.977917
7.03 1.02518 1.03925 1.06662
7.05 1.04335 0.981704 1.03627
7.07 1.04759 1.0686 1.16117
7.09 1.01474 1.08299 1.09333
7.11 0.998718 1.02958 1.06699
7.13 1.04346 0.963286 1.03766
7.15 0.944514 1.14869 1.04432
7.17 0.991989 1.01562 0.94168
7.19 0.934007 1.1226 1.02622
7.21 1.07593 1.00785 0.904686
7.23 1.07654 1.08111 1.07436
7.25 1.02531 1.03896 1.07502
7.27 1.06481 1.00098 1.017
7.29 1.08464 1.02115 1.06342
7.31 1.04669 1.03196 0.954177
7.33 1.1549 0.965494 1.0327
7.35 1.03227 1.04294 1.02358
7.37 0.967011 0.996195 0.989179
7.39 0.859181 0.993977 0.880144
7.41 0.885545 1.01958 1.00088
7.43 0.948492 0.955174 1.0485
7.45 0.879162 0.97174 1.04
7.47 0.978009 0.917427 0.935191
7.49 0.945539 0.897242 1.02895
7.51 0.925405 1.00761 0.827627
7.53 0.908614 0.935811 0.926622
7.55 0.924482 0.937206 0.879151
7.57 0.937583 0.941169 0.998045
7.59 1.04462 0.998586 0.861388
7.61 1.13317 0.948977 0.999448
7.63 1.08922 0.976643 0.979511
7.65 1.04589 1.10292 1.04813
7.67 1.02303 1.007 0.960364
7.69 1.04362 0.961439 1.01367
7.71 1.07529 1.06851 1.05467
7.73 0.967386 0.99723 1.02344
7.75 0.94254 1.08608 1.03229
7.77 0.968718 1.00381 1.11304
7.79 0.92177 0.911366 1.05871
7.81 1.0006 0.996282 0.985956
7.83 0.992703 1.03047 0.958361
7.85 0.858005 0.922411 1.05695
7.87 0.968975 0.986706 0.995879
7.89 0.980319 1.01211 1.02396
7.91 0.948402 0.979677 0.947216
7.93 1.1084 1.01254 1.0245
7.95 1.03024 0.961738 0.97064
7.97 0.926144 0.93011 1.02757
7.99 1.1184 0.99767 0.976859
