# r  g_300K  g_600K  g_900K
0.01 0 0 0
0.03 0 0 0
0.05 0 0 0
0.07 0 0 0
0.09 0 0 0
0.11 0 0 0
0.13 0 0 0
0.15 0 0 0
0.17 0 0 0
0.19 0 0 0
0.21 0 0 0
0.23 0 0 0
0.25 0 0 0
0.27 0 0 0
0.29 0 0 0
0.31 0 0 0
0.33 0 0 0
0.35 0 0 0
0.37 0 0 0
0.39 0 0 0
0.41 0 0 0
0.43 0 0 0
0.45 0 0 0
0.47 0 0 0
0.49 0 0 0
0.51 0 0 0
0.53 0 0 0
0.55 0 0 0
0.57 0 0 0
0.59 0 0 0
0.61 0 0 0
0.63 0 0 0
0.65 0 0 0
0.67 0 0 0
0.69 0 0 0
0.71 0 0 0
0.73 0 0 0
0.75 0 0 0
0.77 0 0 0
0.79 0 0 0
0.81 0 0 0
0.83 0 0 0
0.85 0 0 0
0.87 0 0 0
0.89 0 0 0
0.91 0 0 0
0.93 0 0 0
0.95 0 0 0
0.97 0 0 0
0.99 0 0 0
1.01 0 0 0
1.03 0 0 0
1.05 0 0 0
1.07 0 0 0
1.09 0 0 0
1.11 0 0 0
1.13 0 0 0
1.15 0 0 0
1.17 0 0 0
1.19 0 0 0
1.21 0 0 0
1.23 0 0 0
1.25 0 0 0
1.27 0 0 0
1.29 0 0 0
1.31 0 0 0.0192234
1.33 0 0.0371209 0.102509
1.35 0.0267772 0.188856 0.516264
1.37 0.32097 1.05771 1.9431
1.39 1.95507 3.40562 4.0994
1.41 6.10943 7.64275 7.41951
1.43 13.9419 12.8791 12.0962
1.45 19.7779 15.8129 14.4482
1.47 19.5835 16.8909 14.7981
1.49 15.4893 15.1171 14.2777
1.51 11.6039 12.4727 11.6304
1.53 7.7693 8.53191 9.09973
1.55 4.92683 5.47852 6.35372
1.57 2.58317 3.48874 4.06398
1.59 1.34587 1.90861 2.74872
1.61 0.540157 1.00027 1.48976
1.63 0.177819 0.413944 0.819759
1.65 0.041889 0.223114 0.485039
1.67 0.0175147 0.0941398 0.159848
1.69 0.00569251 0.0229874 0.109795
1.71 0 0.0168414 0.0733286
1.73 0 0 0.0331198
1.75 0 0.00537973 0.00539224
1.77 0 0 0.0105488
1.79 0 0 0
1.81 0 0 0
1.83 0 0 0
1.85 0 0 0
1.87 0 0 0
1.89 0 0 0
1.91 0 0 0
1.93 0 0 0
1.95 0 0 0
1.97 0 0 0
1.99 0 0 0
2.01 0 0 0
2.03 0 0 0
2.05 0 0 0
2.07 0 0 0
2.09 0.00372312 0.011268 0.00754431
2.11 0.0256034 0.0110568 0.0185578
2.13 0.0287166 0.0217068 0.0327344
2.15 0.0035259 0.0284357 0.0285414
2.17 0.0276531 0.0243857 0.0490135
2.19 0.0305489 0.0444941 0.0447469
2.21 0.0200145 0.0537475 0.0641942
2.23 0.0327418 0.0659882 0.0530819
2.25 0.0707524 0.0745472 0.104324
2.27 0.0789509 0.133722 0.156825
2.29 0.142841 0.190892 0.198146
2.31 0.210504 0.218446 0.272077
2.33 0.287892 0.377808 0.446712
2.35 0.504122 0.525777 0.672328
2.37 0.640506 0.812107 0.758018
2.39 1.00897 1.17487 1.13524
2.41 1.42976 1.46626 1.463
2.43 1.86138 1.91765 1.92826
2.45 2.64483 2.57232 2.52077
2.47 3.21606 3.1686 2.86974
2.49 4.19133 3.85097 3.45673
2.51 4.83787 4.33715 3.84483
2.53 5.02884 4.31228 4.04985
2.55 4.9455 4.356 4.02992
2.57 4.09713 4.05761 3.79963
2.59 3.44906 3.45942 3.48359
2.61 2.82285 2.91964 2.99873
2.63 2.23626 2.40119 2.56019
2.65 1.55586 1.80635 2.0701
2.67 1.1008 1.57487 1.75452
2.69 0.882073 1.22937 1.39146
2.71 0.729486 0.965291 1.16878
2.73 0.707849 0.825749 0.978751
2.75 0.695464 0.690031 0.966423
2.77 0.681153 0.795518 0.847548
2.79 0.759295 0.695753 0.727175
2.81 0.80211 0.808526 0.888207
2.83 0.890417 0.846391 0.941547
2.85 0.948099 1.02235 0.956709
2.87 1.08127 1.02802 1.04174
2.89 1.19495 1.14746 1.13791
2.91 1.41522 1.28079 1.24101
2.93 1.47554 1.26532 1.16114
2.95 1.45936 1.51408 1.40291
2.97 1.36591 1.3544 1.36906
2.99 1.44976 1.42461 1.46007
3.01 1.4664 1.41835 1.35507
3.03 1.34246 1.46941 1.33903
3.05 1.45102 1.38317 1.38559
3.07 1.29578 1.35283 1.39684
3.09 1.27046 1.3629 1.30171
3.11 1.33828 1.42351 1.33234
3.13 1.31793 1.35857 1.38956
3.15 1.46216 1.29992 1.43665
3.17 1.39176 1.33081 1.38785
3.19 1.3872 1.33527 1.33454
3.21 1.43794 1.43483 1.35145
3.23 1.40618 1.43928 1.44249
3.25 1.30875 1.35796 1.39513
3.27 1.35529 1.33064 1.32867
3.29 1.21992 1.34328 1.30194
3.31 1.24239 1.35572 1.2878
3.33 1.3612 1.27558 1.26462
3.35 1.29265 1.26336 1.31459
3.37 1.21001 1.27455 1.27877
3.39 1.18304 1.20525 1.24069
3.41 1.18045 1.19544 1.19497
3.43 1.27197 1.13403 1.19627
3.45 1.2844 1.27403 1.18809
3.47 1.29946 1.24828 1.22645
3.49 1.21117 1.23405 1.23701
3.51 1.22515 1.25468 1.29126
3.53 1.23346 1.33678 1.24338
3.55 1.27003 1.3347 1.26221
3.57 1.32485 1.31991 1.26241
3.59 1.34802 1.32678 1.30194
3.61 1.39179 1.26558 1.35877
3.63 1.40008 1.39865 1.3187
3.65 1.40302 1.41175 1.39719
3.67 1.45431 1.42066 1.37339
3.69 1.38344 1.37888 1.35728
3.71 1.37102 1.41397 1.39555
3.73 1.36221 1.38848 1.40797
3.75 1.38012 1.39814 1.37862
3.77 1.30371 1.38196 1.40606
3.79 1.36032 1.35839 1.41083
3.81 1.35943 1.403 1.38427
3.83 1.29202 1.32234 1.34088
3.85 1.35001 1.38167 1.30788
3.87 1.30347 1.25685 1.22856
3.89 1.25133 1.17015 1.32065
3.91 1.27163 1.23981 1.19703
3.93 1.26193 1.23452 1.1796
3.95 1.16775 1.11282 1.19403
3.97 1.14052 1.07775 1.14439
3.99 1.10256 1.0412 1.09573
4.01 1.03889 1.087 1.10411
4.03 0.985481 1.04075 1.0668
4.05 0.973814 1.02342 1.06639
4.07 0.86798 0.976841 1.04002
4.09 0.944106 1.02301 0.98639
4.11 1.00251 0.998778 1.05303
4.13 0.953651 0.981302 1.02839
4.15 0.993554 1.0139 1.00514
4.17 1.06271 1.08342 1.05151
4.19 1.14542 1.05906 1.06394
4.21 1.11984 1.10083 1.0838
4.23 1.17843 1.09333 1.09282
4.25 1.19528 1.15847 1.06058
4.27 1.16451 1.07119 1.07701
4.29 1.11651 1.12443 1.10187
4.31 1.08865 1.09894 1.09533
4.33 1.11335 1.07212 1.08601
4.35 1.03946 1.09968 1.06483
4.37 1.07173 1.13006 1.07224
4.39 1.06706 1.04397 1.09612
4.41 1.05485 1.09524 1.14706
4.43 1.12502 1.12724 1.1342
4.45 1.12645 1.18671 1.11489
4.47 1.10422 1.13922 1.10579
4.49 1.15011 1.15829 1.17794
4.51 1.12948 1.10197 1.23555
4.53 1.1783 1.16105 1.20132
4.55 1.21593 1.16523 1.20596
4.57 1.25673 1.23365 1.2223
4.59 1.26586 1.21603 1.26027
4.61 1.27867 1.19769 1.19738
4.63 1.25554 1.21487 1.17542
4.65 1.27188 1.25755 1.1882
4.67 1.19457 1.24402 1.17585
4.69 1.11699 1.22734 1.17847
4.71 1.11416 1.10446 1.15011
4.73 1.10181 1.21409 1.1372
4.75 1.15028 1.12866 1.11679
4.77 1.10563 1.11869 1.10597
4.79 1.0666 1.10574 1.08954
4.81 1.12811 1.1208 1.03838
4.83 1.1118 1.09526 1.06119
4.85 1.13176 1.06526 1.0593
4.87 1.07719 1.08434 1.08957
4.89 1.09837 1.02944 1.06483
4.91 1.01313 1.01695 0.999904
4.93 1.00216 1.07092 1.09778
4.95 1.03329 1.04351 1.05265
4.97 0.994012 0.984503 1.0775
4.99 0.934436 0.969536 1.04313
5.01 0.965283 0.992382 1.01504
5.03 0.973037 1.07407 1.01555
5.05 0.94873 0.997475 1.04694
5.07 1.02876 0.984384 1.00533
5.09 0.997978 1.00208 1.03695
5.11 1.01323 0.992986 1.02128
5.13 1.03747 0.988954 1.01198
5.15 1.05284 1.06375 0.969252
5.17 1.06603 1.0051 0.987804
5.19 1.0161 1.02964 1.02617
5.21 0.993338 1.00294 0.993316
5.23 1.00839 1.01633 1.01051
5.25 1.0173 1.03363 1.02554
5.27 0.991372 0.959644 1.06352
5.29 1.0054 0.961687 1.01011
5.31 0.975328 1.00924 1.05052
5.33 1.04661 1.04032 1.03851
5.35 1.08429 1.08362 1.11733
5.37 1.05469 1.0664 1.05118
5.39 1.08669 1.06707 1.02757
5.41 1.06138 1.05469 1.05203
5.43 1.07075 1.08479 1.05034
5.45 1.04598 1.10281 1.07668
5.47 1.04262 1.05089 1.09301
5.49 1.06581 1.08568 1.06869
5.51 1.07315 1.06385 1.06371
5.53 1.06592 1.08663 1.11802
5.55 1.0842 1.13485 1.10462
5.57 1.0806 1.05629 1.0377
5.59 1.09366 1.10082 1.07972
5.61 1.1113 1.06213 1.10943
5.63 1.1081 1.07844 1.09176
5.65 1.09201 1.13044 1.07833
5.67 1.08025 1.09299 1.05071
5.69 1.09183 1.03096 1.12743
5.71 1.11118 1.06457 1.07603
5.73 1.02652 1.01315 1.05191
5.75 1.0455 1.05572 1.04357
5.77 1.02361 1.04002 1.04241
5.79 1.02577 1.07063 1.01887
5.81 0.954555 1.00628 1.05158
5.83 0.993079 1.03758 1.02437
5.85 1.02005 1.03335 1.01355
5.87 1.04574 0.994388 1.02109
5.89 1.05833 1.00474 0.996811
5.91 1.03069 1.05248 1.02425
5.93 1.05568 1.06449 1.03005
5.95 1.08769 1.06344 1.04773
5.97 1.10554 1.04891 1.02643
5.99 1.09183 1.05056 1.07152
6.01 1.08727 1.05634 1.06314
6.03 1.05771 1.07552 1.04242
6.05 1.05027 1.02667 1.06442
6.07 1.01111 1.05429 1.04398
6.09 1.03298 1.05181 1.046
6.11 1.00669 1.04399 1.06443
6.13 1.00267 1.00714 1.0021
6.15 1.00179 1.01656 1.01252
6.17 0.992705 0.993629 1.00652
6.19 1.00753 1.02709 0.972101
6.21 0.970166 0.972 0.974788
6.23 0.957308 0.971238 1.00175
6.25 0.945366 0.929295 1.03113
6.27 0.948043 0.955127 0.982246
6.29 0.974094 0.973522 0.968497
6.31 0.97126 0.996225 0.957824
6.33 0.996003 0.950144 0.990034
6.35 0.978813 0.953541 0.984987
6.37 0.997154 0.977844 0.986875
6.39 0.984094 0.965706 0.974339
6.41 0.960559 0.974929 1.00786
6.43 0.929002 0.976077 1.00018
6.45 0.972182 1.0027 0.972594
6.47 0.957993 0.976141 0.949568
6.49 0.959513 0.998633 1.01509
6.51 0.999667 0.985092 1.02276
6.53 1.01533 1.01064 0.977502
6.55 1.05282 0.995283 0.998158
6.57 1.06074 1.06068 1.05354
6.59 1.08611 1.05773 1.01414
6.61 1.05313 1.07384 1.02655
6.63 1.08456 1.07446 1.06163
6.65 1.09575 1.08092 1.03961
6.67 1.04638 1.07751 1.0334
6.69 1.05208 1.04905 1.00471
6.71 1.03169 1.05266 1.02984
6.73 1.02777 0.992457 1.03474
6.75 1.00493 1.05645 1.04636
6.77 0.98827 1.03795 1.00662
6.79 1.00229 1.04116 1.02366
6.81 0.98236 1.0241 1.00773
6.83 1.01118 1.00817 1.01596
6.85 0.992468 0.985194 1.03213
6.87 1.0139 0.985005 1.03024
6.89 1.03751 1.03333 1.05432
6.91 1.04481 1.04035 1.05153
6.93 1.07641 1.05011 1.02945
6.95 1.10129 1.0855 1.1202
6.97 1.12174 1.06471 1.05089
6.99 1.0997 1.06739 1.06046
7.01 1.09642 1.07937 1.07485
7.03 1.10995 1.08422 1.07752
7.05 1.09153 1.0718 1.06338
7.07 1.0639 1.09028 1.04558
7.09 1.03716 1.02314 1.03996
7.11 1.05035 1.00276 1.0644
7.13 1.0608 1.05077 1.05301
7.15 1.02243 1.02919 1.03935
7.17 0.987802 1.02778 1.01593
7.19 0.968146 1.04698 1.02561
7.21 1.00918 1.01521 1.04623
7.23 1.03384 1.02691 1.06882
7.25 1.02906 1.03317 1.0247
7.27 1.04372 1.02868 0.99659
7.29 1.0463 1.0308 1.03139
7.31 1.06618 1.01368 1.01227
7.33 1.034 1.0372 1.01408
7.35 1.03412 1.03407 1.03131
7.37 1.06237 1.01253 1.00771
7.39 1.00949 1.02834 1.01347
7.41 1.01442 1.02844 1.03799
7.43 1.03261 1.00688 1.04862
7.45 1.00273 0.98848 1.0067
7.47 0.988894 0.986661 0.99389
7.49 0.97113 0.999586 1.01596
7.51 0.954683 0.973895 0.990737
7.53 0.926061 0.964623 0.974909
7.55 0.944637 0.998329 0.981263
7.57 0.933943 0.951026 0.984561
7.59 0.914328 0.967978 0.964125
7.61 0.917677 0.961508 0.967133
7.63 0.98003 0.982711 0.948979
7.65 0.96434 0.947532 0.987979
7.67 1.00855 0.992466 0.95059
7.69 1.00113 0.986284 0.978267
7.71 1.00826 0.987802 0.980946
7.73 0.990797 1.00021 1.00249
7.75 1.04854 1.03969 1.00645
7.77 1.05209 1.00361 1.02831
7.79 1.05174 1.02003 0.979483
7.81 1.00554 1.0226 1.00927
7.83 1.01717 1.00004 1.01225
7.85 1.00987 1.01066 0.998793
7.87 1.00869 1.00634 1.02654
7.89 1.01638 1.01865 0.993946
7.91 1.02065 1.01899 1.00584
7.93 0.99658 1.00158 0.992701
7.95 0.994653 1.02296 0.981451
7.97 0.990484 1.02897 1.00093
7.99 0.944969 1.00742 1.00136
