# r  g_300K  g_600K  g_900K
0.01 0 0 0
0.03 0 0 0
0.05 0 0 0
0.07 0 0 0
0.09 0 0 0
0.11 0 0 0
0.13 0 0 0
0.15 0 0 0
0.17 0 0 0
0.19 0 0 0
0.21 0 0 0
0.23 0 0 0
0.25 0 0 0
0.27 0 0 0
0.29 0 0 0
0.31 0 0 0
0.33 0 0 0
0.35 0 0 0
0.37 0 0 0
0.39 0 0 0
0.41 0 0 0
0.43 0 0 0
0.45 0 0 0
0.47 0 0 0
0.49 0 0 0
0.51 0 0 0
0.53 0 0 0
0.55 0 0 0
0.57 0 0 0
0.59 0 0 0
0.61 0 0 0
0.63 0 0 0
0.65 0 0 0
0.67 0 0 0
0.69 0 0 0
0.71 0 0 0
0.73 0 0 0
0.75 0 0 0
0.77 0 0 0
0.79 0 0 0
0.81 0 0 0
0.83 0 0 0
0.85 0 0 0
0.87 0 0 0
0.89 0 0 0
0.91 0 0 0
0.93 0 0 0
0.95 0 0 0
0.97 0 0 0
0.99 0 0 0
1.01 0 0 0
1.03 0 0 0
1.05 0 0 0
1.07 0 0 0
1.09 0 0 0
1.11 0 0 0
1.13 0 0 0
1.15 0 0 0
1.17 0 0 0
1.19 0 0 0
1.21 0 0 0
1.23 0 0 0
1.25 0 0 0
1.27 0 0 0
1.29 0 0 0
1.31 0 0 0
1.33 0 0 0
1.35 0 0 0
1.37 0 0 0
1.39 0 0 0
1.41 0 0 0
1.43 0 0 0
1.45 0 0 0
1.47 0 0 0
1.49 0 0 0
1.51 0 0 0
1.53 0 0 0
1.55 0 0 0.0168327
1.57 0 0.0163173 0.0122989
1.59 0.00393846 0.0119208 0.0319395
1.61 0.0115324 0.0387499 0.109057
1.63 0.0787732 0.173813 0.494033
1.65 0.212295 0.819093 1.4545
1.67 1.05423 2.4527 3.20157
1.69 4.08627 5.49676 6.06494
1.71 10.8826 9.89299 9.20099
1.73 18.3104 14.7231 12.4093
1.75 21.0318 16.3956 13.7
1.77 17.7248 15.3414 13.2341
1.79 12.2395 12.4273 12.0317
1.81 7.56569 8.8581 9.49586
1.83 4.13965 6.10108 6.789
1.85 2.10528 3.72479 4.87224
1.87 1.19697 2.26363 3.32428
1.89 0.627759 1.38632 2.11506
1.91 0.341485 0.790054 1.31505
1.93 0.157869 0.444902 0.848954
1.95 0.104812 0.272139 0.443555
1.97 0.051335 0.178585 0.338266
1.99 0.0327188 0.0887771 0.173452
2.01 0.012336 0.0547123 0.10998
2.03 0.00241862 0.0268343 0.0784708
2.05 0.00474456 0.0119408 0.0648317
2.07 0 0.00937876 0.0258951
2.09 0 0.00688839 0.0161609
2.11 0 0 0.00908642
2.13 0 0.00221472 0.00444382
2.15 0 0 0.0109481
2.17 0 0 0.00427903
2.19 0 0 0
2.21 0 0 0
2.23 0 0 0
2.25 0 0 0
2.27 0 0 0
2.29 0 0 0
2.31 0 0 0
2.33 0 0 0
2.35 0 0 0
2.37 0 0 0
2.39 0 0 0
2.41 0 0 0
2.43 0 0 0
2.45 0 0 0.00336935
2.47 0.00163037 0.0164686 0.0347705
2.49 0.151095 0.118272 0.154767
2.51 0.382757 0.306014 0.298087
2.53 0.362745 0.318618 0.347081
2.55 0.358722 0.304368 0.340248
2.57 0.291241 0.354267 0.313375
2.59 0.353585 0.333928 0.325255
2.61 0.276451 0.297858 0.352888
2.63 0.322731 0.361627 0.367967
2.65 0.360456 0.366167 0.381166
2.67 0.36908 0.355085 0.385378
2.69 0.382877 0.408087 0.427097
2.71 0.378612 0.430859 0.455211
2.73 0.435881 0.451508 0.464829
2.75 0.438791 0.494029 0.491447
2.77 0.502685 0.515875 0.505401
2.79 0.505787 0.531626 0.528153
2.81 0.560472 0.573681 0.628032
2.83 0.605999 0.590753 0.595251
2.85 0.679699 0.660349 0.691417
2.87 0.670351 0.675645 0.685464
2.89 0.740936 0.720438 0.707385
2.91 0.795579 0.801878 0.821736
2.93 0.816102 0.780366 0.833139
2.95 0.861166 0.83209 0.8367
2.97 0.876668 0.900679 0.904448
2.99 0.920826 0.934769 0.833747
3.01 0.975713 0.892392 0.943068
3.03 0.955275 1.03728 0.972481
3.05 1.09059 1.0095 0.979324
3.07 1.11663 1.04759 1.09202
3.09 1.215 1.10451 1.18788
3.11 1.27874 1.2545 1.17893
3.13 1.35596 1.31959 1.23001
3.15 1.36192 1.28463 1.2031
3.17 1.38242 1.33439 1.27939
3.19 1.373 1.42625 1.30821
3.21 1.36566 1.35413 1.28802
3.23 1.37751 1.29589 1.21685
3.25 1.31246 1.28672 1.27085
3.27 1.32912 1.40627 1.30913
3.29 1.31672 1.29555 1.32327
3.31 1.33711 1.34223 1.32194
3.33 1.30948 1.28085 1.31886
3.35 1.34895 1.34355 1.36608
3.37 1.35667 1.31432 1.27279
3.39 1.3815 1.29537 1.35426
3.41 1.35158 1.35704 1.33415
3.43 1.40193 1.38325 1.38046
3.45 1.48205 1.45224 1.32115
3.47 1.46254 1.39139 1.3898
3.49 1.40653 1.43178 1.43473
3.51 1.41964 1.40876 1.36255
3.53 1.39726 1.38491 1.35848
3.55 1.33649 1.3709 1.29827
3.57 1.30354 1.3099 1.31552
3.59 1.26119 1.32112 1.29466
3.61 1.22351 1.291 1.27736
3.63 1.25252 1.20136 1.23563
3.65 1.13413 1.15443 1.20621
3.67 1.0958 1.1098 1.16232
3.69 1.14912 1.15976 1.14752
3.71 1.1049 1.10637 1.11163
3.73 1.09315 1.16238 1.13185
3.75 1.06097 1.09071 1.14921
3.77 1.10021 1.09828 1.13771
3.79 1.03033 1.05934 1.04426
3.81 1.03185 1.06563 1.09028
3.83 1.04831 1.03525 1.08172
3.85 1.00385 1.07543 1.06775
3.87 1.02008 1.05025 1.07229
3.89 1.06894 1.0648 0.993263
3.91 1.03323 1.03354 1.06109
3.93 0.985961 0.977611 1.06852
3.95 1.01115 1.02051 1.02672
3.97 1.061 1.00638 1.04512
3.99 1.07428 1.03656 1.02019
4.01 1.06911 1.00069 1.0527
4.03 1.0929 1.03343 1.00691
4.05 1.04506 1.03981 1.06893
4.07 1.04683 1.02352 1.05367
4.09 0.988946 1.06819 1.06083
4.11 1.04611 1.04183 1.00284
4.13 1.04644 0.981666 1.05769
4.15 1.01902 1.08022 1.04217
4.17 1.08323 1.03684 1.05704
4.19 1.03375 1.0447 1.03786
4.21 1.05709 1.10909 1.12362
4.23 1.08888 1.05537 1.09628
4.25 1.04775 1.04875 1.07645
4.27 1.11613 1.12718 1.08024
4.29 1.14855 1.10146 1.07829
4.31 1.07026 1.13661 1.12063
4.33 1.0727 1.07314 1.04663
4.35 1.08448 1.09938 1.01359
4.37 1.06985 1.0788 1.06299
4.39 1.02182 1.05122 1.04667
4.41 1.01719 1.05312 1.04332
4.43 1.03905 1.07172 1.03913
4.45 1.04178 1.10832 1.06348
4.47 1.03444 1.04866 1.01703
4.49 1.06336 1.03637 1.07776
4.51 1.11661 1.04489 1.06865
4.53 1.13549 1.05773 1.06255
4.55 1.10289 1.06209 1.03001
4.57 1.03212 1.05667 1.0954
4.59 1.03173 1.04794 1.09255
4.61 1.11793 1.05399 1.06983
4.63 1.0479 1.03142 1.02714
4.65 1.05963 1.00159 1.05932
4.67 1.02406 1.04002 1.00955
4.69 1.02489 1.03525 1.0451
4.71 1.00408 1.01329 0.994832
4.73 1.01342 0.991842 0.985097
4.75 0.954985 1.00031 1.00887
4.77 0.953173 0.943867 0.967734
4.79 0.894354 0.925881 0.922208
4.81 0.881765 0.904423 0.939061
4.83 0.823625 0.896076 0.950341
4.85 0.793562 0.842971 0.881156
4.87 0.815207 0.83529 0.862749
4.89 0.77518 0.817473 0.833253
4.91 0.758171 0.814506 0.798526
4.93 0.788923 0.801754 0.825802
4.95 0.792319 0.744534 0.866911
4.97 0.824267 0.83899 0.82679
4.99 0.837691 0.807191 0.816942
5.01 0.796888 0.807943 0.797541
5.03 0.792133 0.810614 0.823163
5.05 0.833955 0.819242 0.851866
5.07 0.869662 0.844446 0.832202
5.09 0.863965 0.891348 0.869369
5.11 0.924416 0.877807 0.891244
5.13 0.9422 0.881627 0.867341
5.15 0.960802 0.915819 0.896791
5.17 0.91947 0.987958 0.872134
5.19 0.902771 0.960573 0.924716
5.21 0.965961 0.947654 0.954017
5.23 0.966595 0.972802 0.911274
5.25 0.976636 0.980647 0.925308
5.27 1.01335 0.943217 0.982242
5.29 0.936667 0.986994 0.982773
5.31 1.00246 0.972169 0.93786
5.33 0.952462 0.971319 1.00506
5.35 0.956793 0.986858 0.968648
5.37 0.986339 0.966323 0.956553
5.39 0.972171 1.00749 1.0057
5.41 1.03414 0.967811 0.973812
5.43 1.02824 0.979146 0.986898
5.45 1.01027 0.985127 0.990555
5.47 1.02086 1.02052 0.998178
5.49 1.0409 1.02049 1.05561
5.51 1.02815 1.017 1.01406
5.53 1.00897 1.03866 1.0355
5.55 1.04758 1.03502 1.01778
5.57 1.01028 1.05097 1.06231
5.59 1.05214 1.00418 1.05022
5.61 1.01655 1.01906 1.06967
5.63 1.03161 1.05618 1.0467
5.65 1.03212 1.05066 1.04095
5.67 1.03074 1.02858 1.05645
5.69 1.05551 1.0446 1.05564
5.71 1.07347 1.08508 1.07213
5.73 1.12187 1.0564 1.05579
5.75 1.10298 1.11533 1.08695
5.77 1.11923 1.09062 1.08367
5.79 1.10231 1.10709 1.09092
5.81 1.08741 1.12424 1.05804
5.83 1.08606 1.10356 1.10521
5.85 1.04666 1.08455 1.08018
5.87 1.04243 1.04043 1.03712
5.89 1.04854 1.03912 1.02999
5.91 1.03233 1.00768 1.04678
5.93 0.992813 1.02208 1.06244
5.95 0.990333 0.994487 1.04595
5.97 1.02229 1.00729 0.992695
5.99 1.04326 1.00894 1.04096
6.01 1.01428 1.01033 1.00865
6.03 0.998234 1.02131 1.03135
6.05 0.98534 1.01589 1.05135
6.07 1.02378 1.03456 1.01861
6.09 1.02085 1.0338 1.02912
6.11 1.0366 1.03568 1.04677
6.13 1.0057 1.02485 1.01762
6.15 1.05584 1.06761 1.02811
6.17 1.05999 1.07783 1.0682
6.19 1.04769 1.0324 1.0617
6.21 1.07224 1.06666 1.02247
6.23 1.09977 1.04584 1.04827
6.25 1.07767 1.0748 1.09526
6.27 1.10402 1.08662 1.02406
6.29 1.06324 1.05435 1.03523
6.31 1.0843 1.03586 1.04284
6.33 1.05708 1.02684 1.03342
6.35 1.04129 1.03107 1.01626
6.37 1.0048 1.03422 1.01923
6.39 0.987009 1.02362 1.01154
6.41 1.02166 1.01794 1.02265
6.43 0.974077 0.986859 0.97226
6.45 0.969259 1.0032 1.01331
6.47 0.98396 0.980226 0.981739
6.49 0.962311 0.994684 0.977863
6.51 0.961318 0.978851 0.969134
6.53 0.978805 0.943675 0.98753
6.55 0.948672 0.93606 0.965203
6.57 0.961851 0.951097 0.946705
6.59 0.933553 0.940452 0.951881
6.61 0.977351 0.940502 0.961407
6.63 0.947475 0.969098 0.950541
6.65 0.950844 0.950324 0.961006
6.67 0.933246 0.957097 0.960732
6.69 0.966852 0.967761 0.96141
6.71 0.965072 0.964216 0.981435
6.73 0.954494 0.958746 0.988992
6.75 0.968994 0.969796 0.982886
6.77 0.974595 0.982305 0.950213
6.79 0.969108 0.971529 0.98458
6.81 0.957998 0.978107 0.990555
6.83 0.981901 0.964231 0.986216
6.85 1.00273 0.955809 0.98331
6.87 0.97639 0.957732 0.973224
6.89 0.964902 0.972442 0.997351
6.91 0.973253 1.00894 0.968384
6.93 0.96929 0.97635 0.973928
6.95 0.957959 0.98468 0.972161
6.97 0.966437 0.968702 0.985296
6.99 0.959894 0.977698 0.980285
7.01 0.955623 0.983878 0.98536
7.03 1.00507 1.01157 0.97527
7.05 0.982726 0.981003 0.987462
7.07 0.99712 0.991525 0.988532
7.09 1.03055 0.99031 0.977311
7.11 1.04547 0.992904 1.01913
7.13 1.05076 1.01264 1.01728
7.15 1.04296 1.02092 1.00932
7.17 1.03694 1.02568 0.978834
7.19 1.00865 1.0195 0.983896
7.21 1.03317 1.01943 1.00684
7.23 1.02249 1.02271 1.02022
7.25 0.986705 1.02945 1.02169
7.27 1.00918 1.00915 1.02122
7.29 1.00216 1.0018 1.01852
7.31 1.00546 0.971492 0.997579
7.33 0.987165 1.01497 1.00157
7.35 0.992125 0.990657 0.989022
7.37 0.973917 0.995679 1.00168
7.39 0.967007 0.984901 0.99093
7.41 0.986649 0.997549 0.981916
7.43 0.973047 0.964201 0.991104
7.45 0.986001 0.967679 0.994871
7.47 0.966584 0.976052 0.990461
7.49 0.972992 1.00714 0.964414
7.51 0.970816 0.994494 0.982077
7.53 0.9607 0.978103 0.976882
7.55 0.993599 0.97371 0.967948
7.57 1.00155 1.00301 1.00961
7.59 0.991263 0.989146 1.00527
7.61 0.997595 1.01084 0.995671
7.63 1.01227 1.00223 1.01944
7.65 1.00592 1.01728 0.993605
7.67 1.00779 0.992704 1.02064
7.69 1.00274 1.00862 1.02666
7.71 1.03727 1.01723 1.00502
7.73 1.03078 0.997081 1.00504
7.75 1.02509 1.01561 1.03217
7.77 1.01126 1.01493 1.00412
7.79 1.01247 0.999113 1.00227
7.81 1.00026 0.974921 0.995857
7.83 0.998586 1.00889 0.984815
7.85 0.99738 1.01194 0.986592
7.87 0.99022 0.964463 0.980243
7.89 0.95063 0.977475 0.983227
7.91 0.991999 0.998915 0.989404
7.93 0.953585 0.976453 0.971839
7.95 0.94864 0.94756 0.963638
7.97 0.930703 0.971433 0.973767
7.99 0.971024 0.958539 0.952596
