# r  g_300K  g_600K  g_900K
0.01 0 0 0
0.03 0 0 0
0.05 0 0 0
0.07 0 0 0
0.09 0 0 0
0.11 0 0 0
0.13 0 0 0
0.15 0 0 0
0.17 0 0 0
0.19 0 0 0
0.21 0 0 0
0.23 0 0 0
0.25 0 0 0
0.27 0 0 0
0.29 0 0 0
0.31 0 0 0
0.33 0 0 0
0.35 0 0 0
0.37 0 0 0
0.39 0 0 0
0.41 0 0 0
0.43 0 0 0
0.45 0 0 0
0.47 0 0 0
0.49 0 0 0
0.51 0 0 0
0.53 0 0 0
0.55 0 0 0
0.57 0 0 0
0.59 0 0 0
0.61 0 0 0
0.63 0 0 0
0.65 0 0 0
0.67 0 0 0
0.69 0 0 0
0.71 0 0 0
0.73 0 0 0
0.75 0 0 0
0.77 0 0 0
0.79 0 0 0
0.81 0 0 0
0.83 0 0 0
0.85 0 0 0
0.87 0 0 0
0.89 0 0 0
0.91 0 0 0
0.93 0 0 0
0.95 0 0 0
0.97 0 0 0
0.99 0 0 0
1.01 0 0 0
1.03 0 0 0
1.05 0 0 0
1.07 0 0 0
1.09 0 0 0
1.11 0 0 0
1.13 0 0 0
1.15 0 0 0
1.17 0 0 0
1.19 0 0 0
1.21 0 0 0
1.23 0 0 0
1.25 0 0 0
1.27 0 0 0
1.29 0 0 0
1.31 0 0 0
1.33 0 0 0
1.35 0 0 0
1.37 0 0 0
1.39 0 0 0
1.41 0 0 0
1.43 0 0 0
1.45 0 0 0
1.47 0 0 0
1.49 0 0 0
1.51 0 0 0
1.53 0 0 0
1.55 0 0 0
1.57 0 0 0
1.59 0 0 0
1.61 0 0 0
1.63 0 0 0
1.65 0 0 0
1.67 0 0 0
1.69 0 0 0
1.71 0 0 0
1.73 0 0 0
1.75 0 0 0
1.77 0 0 0
1.79 0 0 0
1.81 0 0 0
1.83 0 0 0
1.85 0 0 0
1.87 0 0 0
1.89 0 0 0
1.91 0 0 0
1.93 0 0 0
1.95 0 0 0
1.97 0 0 0
1.99 0 0 0
2.01 0 0 0
2.03 0 0 0
2.05 0 0 0
2.07 0 0 0.00938042
2.09 0.124168 0.0885155 0.070572
2.11 0.228831 0.185742 0.132534
2.13 0.142826 0.164576 0.13585
2.15 0.120203 0.121174 0.110212
2.17 0.115199 0.150002 0.111038
2.19 0.104818 0.0917393 0.0922771
2.21 0.0975414 0.141933 0.126252
2.23 0.101115 0.134084 0.180681
2.25 0.120179 0.150105 0.169499
2.27 0.161706 0.160445 0.148265
2.29 0.186677 0.172863 0.212275
2.31 0.16364 0.202375 0.238711
2.33 0.197363 0.211252 0.242062
2.35 0.172483 0.226994 0.245173
2.37 0.237848 0.265898 0.291207
2.39 0.268652 0.263695 0.295759
2.41 0.268783 0.319046 0.396995
2.43 0.383067 0.345428 0.358805
2.45 0.343792 0.386564 0.422186
2.47 0.446692 0.404365 0.441837
2.49 0.446004 0.462474 0.447726
2.51 0.552228 0.558748 0.421398
2.53 0.535282 0.572793 0.647126
2.55 0.624676 0.582298 0.614383
2.57 0.725081 0.704616 0.661656
2.59 0.70795 0.801072 0.651539
2.61 0.77679 0.698854 0.765627
2.63 0.833868 0.826886 0.852764
2.65 0.925038 0.825931 0.782828
2.67 0.916667 0.832293 0.889414
2.69 0.939717 0.924941 0.950413
2.71 0.974536 1.04389 1.00416
2.73 1.15365 1.10733 1.00901
2.75 1.1423 1.05429 1.108
2.77 1.17415 1.15753 1.09735
2.79 1.23053 1.11354 1.18825
2.81 1.2198 1.21738 1.21591
2.83 1.35121 1.22847 1.20202
2.85 1.30614 1.28859 1.11414
2.87 1.33628 1.29183 1.16384
2.89 1.25766 1.25646 1.26647
2.91 1.17637 1.30218 1.25075
2.93 1.28365 1.29062 1.19014
2.95 1.30126 1.22266 1.29721
2.97 1.24778 1.26688 1.21451
2.99 1.1542 1.2081 1.25528
3.01 1.11853 1.14209 1.13807
3.03 1.12969 1.26068 1.20912
3.05 1.12061 1.07074 1.14444
3.07 1.01072 1.10905 1.06395
3.09 1.00868 1.02778 1.08006
3.11 1.08466 1.02566 1.15319
3.13 1.07209 1.04126 1.01122
3.15 1.03861 1.00909 0.985042
3.17 0.992564 1.05217 0.931294
3.19 0.955543 0.997166 0.977616
3.21 0.939811 0.923793 0.936716
3.23 0.916765 0.970078 0.9769
3.25 0.911897 0.945594 0.924009
3.27 1.04546 0.947652 0.85383
3.29 0.978977 0.903018 0.890556
3.31 0.853767 0.873753 0.928782
3.33 0.866085 0.841733 0.883876
3.35 0.833414 0.823386 0.848347
3.37 0.758282 0.788954 0.907689
3.39 0.741355 0.762236 0.851718
3.41 0.705364 0.779785 0.804809
3.43 0.77032 0.724314 0.77495
3.45 0.754697 0.747167 0.782717
3.47 0.728426 0.741943 0.763878
3.49 0.710316 0.701651 0.675942
3.51 0.655028 0.70346 0.662866
3.53 0.617919 0.668774 0.670297
3.55 0.682343 0.694037 0.718104
3.57 0.646718 0.713455 0.733202
3.59 0.663087 0.702495 0.689783
3.61 0.661871 0.692732 0.715037
3.63 0.694728 0.675828 0.663322
3.65 0.735789 0.694567 0.700459
3.67 0.699345 0.716683 0.721694
3.69 0.738363 0.742263 0.730598
3.71 0.743988 0.698387 0.732552
3.73 0.809144 0.771549 0.766028
3.75 0.777052 0.730089 0.759844
3.77 0.821919 0.807734 0.818787
3.79 0.822417 0.868039 0.790658
3.81 0.78375 0.792676 0.866266
3.83 0.813477 0.807218 0.794263
3.85 0.813998 0.826584 0.820475
3.87 0.866562 0.865425 0.852147
3.89 0.883848 0.883801 0.859403
3.91 0.912887 0.852149 0.858653
3.93 0.95418 0.866807 0.891503
3.95 0.975067 0.911044 0.951135
3.97 0.959403 0.891634 0.905846
3.99 0.944004 0.907854 0.912119
4.01 0.928822 0.888245 0.87629
4.03 0.868353 0.909524 0.898172
4.05 0.919569 0.886012 0.912244
4.07 0.893679 0.915103 0.906663
4.09 0.904719 0.903076 0.874477
4.11 0.892774 0.922764 0.87619
4.13 0.911278 0.933356 0.940016
4.15 0.921789 0.975497 0.968468
4.17 0.977575 0.942387 0.90437
4.19 0.923849 0.887829 0.943974
4.21 0.9681 0.954657 0.909235
4.23 0.943435 0.96507 0.962113
4.25 0.903767 0.967726 0.947814
4.27 0.902614 0.950005 0.91774
4.29 0.929419 0.941845 0.919334
4.31 0.928638 0.935298 0.958513
4.33 0.920113 0.939486 0.951885
4.35 0.970391 0.933678 0.882111
4.37 0.920676 0.887404 0.949994
4.39 0.954165 0.939591 0.939121
4.41 0.958441 0.898174 0.937467
4.43 0.927581 0.964776 0.962632
4.45 0.932633 0.943982 0.969507
4.47 0.963985 0.947539 0.907941
4.49 0.933816 0.939864 0.920277
4.51 0.965214 0.961093 0.998684
4.53 0.997335 0.895922 0.931117
4.55 0.912466 0.926191 0.929947
4.57 0.881127 0.913563 0.93523
4.59 0.882274 0.890468 0.913834
4.61 0.8728 0.889035 0.915457
4.63 0.90594 0.889499 0.914435
4.65 0.916531 0.913265 0.924565
4.67 0.865004 0.880369 0.893221
4.69 0.917204 0.88874 0.886843
4.71 0.928521 0.899691 0.909511
4.73 0.89465 0.880906 0.905428
4.75 0.873039 0.90299 0.86937
4.77 0.880259 0.877851 0.879713
4.79 0.858494 0.891414 0.853184
4.81 0.830823 0.893337 0.882525
4.83 0.873861 0.877847 0.869461
4.85 0.884123 0.885495 0.923955
4.87 0.884168 0.943387 0.862684
4.89 0.861385 0.931717 0.876365
4.91 0.888396 0.898202 0.9043
4.93 0.899184 0.928831 0.944293
4.95 0.932965 0.914141 0.925807
4.97 0.931979 0.944077 0.926023
4.99 0.960553 0.966401 0.947176
5.01 0.972939 0.935581 0.940627
5.03 0.978832 0.958164 0.927413
5.05 0.951923 0.987106 0.955297
5.07 1.01594 0.990245 0.999346
5.09 1.03909 0.981414 0.980082
5.11 1.0158 1.03508 1.00018
5.13 1.07627 1.03005 1.02756
5.15 1.0385 1.04269 1.00851
5.17 1.04681 1.03513 1.05333
5.19 1.08542 1.04702 1.01335
5.21 1.06978 1.03744 1.07032
5.23 1.07131 1.05826 1.00541
5.25 1.08855 1.04403 1.07121
5.27 1.06029 1.02938 0.999747
5.29 1.04097 1.07109 1.0243
5.31 1.00782 1.07101 0.961538
5.33 1.01938 1.0133 1.04163
5.35 1.02702 1.03133 1.03108
5.37 1.01116 1.00104 1.00331
5.39 0.986312 0.981749 1.03831
5.41 0.979953 0.996734 1.0764
5.43 0.976758 0.999003 1.02538
5.45 0.962037 0.973239 1.02463
5.47 0.928499 0.965255 0.970617
5.49 0.925714 0.978126 0.980432
5.51 0.913764 0.996953 0.966226
5.53 0.954746 0.938789 0.917592
5.55 0.942732 0.937654 1.00813
5.57 0.958147 0.957553 0.979227
5.59 0.953853 0.992936 0.969333
5.61 0.999983 0.965543 0.981937
5.63 1.03047 1.00834 0.999803
5.65 1.017 1.00157 0.981568
5.67 1.0473 0.982953 0.979198
5.69 1.05871 1.02056 0.932563
5.71 1.00629 1.02932 0.995519
5.73 1.01862 1.06152 0.992234
5.75 1.0535 1.00954 1.03899
5.77 1.01606 1.02365 1.03899
5.79 1.05247 1.02013 1.03102
5.81 1.03151 1.01166 0.993371
5.83 1.01862 1.01646 1.06618
5.85 1.02711 0.982606 0.973153
5.87 1.02973 1.01621 0.976671
5.89 1.02733 1.00042 0.985897
5.91 0.9965 1.01242 1.02416
5.93 0.99168 0.968746 1.00471
5.95 0.953225 0.977054 0.984317
5.97 0.978084 0.955829 0.976908
5.99 0.921041 0.933138 0.971927
6.01 0.931007 0.96569 0.981066
6.03 0.948536 0.951651 0.980761
6.05 0.904255 0.923794 0.978712
6.07 0.952949 0.965116 0.970448
6.09 0.946996 0.955913 0.94895
6.11 0.969935 0.958258 0.973653
6.13 0.970968 0.908341 0.934382
6.15 0.970656 0.967717 0.977964
6.17 0.982731 0.96497 0.943794
6.19 0.950162 0.96919 0.958453
6.21 0.970496 1.00195 0.963726
6.23 0.995319 0.985253 0.952314
6.25 0.986225 0.998084 0.966247
6.27 0.942604 0.957183 0.994433
6.29 0.95129 0.986062 0.95668
6.31 0.976488 1.00898 0.977584
6.33 0.974328 1.01628 0.978036
6.35 1.00951 1.00823 0.98417
6.37 1.06059 0.985454 1.01668
6.39 1.0225 1.01225 1.00741
6.41 1.04769 1.05078 0.990698
6.43 1.03286 1.0069 1.00269
6.45 1.04397 0.978458 0.955525
6.47 1.01637 1.01712 1.00635
6.49 1.03208 1.03671 1.01508
6.51 0.996736 0.984507 1.02822
6.53 1.01636 0.995582 1.00961
6.55 0.980889 1.00291 1.00501
6.57 0.930793 1.00944 0.984286
6.59 0.956229 0.980662 0.976171
6.61 0.954683 0.939583 1.00717
6.63 0.950741 0.992539 0.994628
6.65 0.956688 0.959514 1.01952
6.67 0.953004 0.991723 0.979194
6.69 0.982821 0.963201 1.00023
6.71 0.944061 0.975194 0.994291
6.73 0.978771 1.01569 0.966197
6.75 0.988101 0.973086 0.965485
6.77 0.967252 0.992606 0.996642
6.79 0.988833 0.993379 0.984918
6.81 1.01493 1.01608 0.989251
6.83 1.01184 0.993223 0.98754
6.85 1.01866 1.0222 0.997777
6.87 1.00822 1.01481 1.00331
6.89 1.06036 1.00891 0.990431
6.91 1.01959 1.00078 1.01616
6.93 1.01765 0.977322 0.989446
6.95 1.01229 0.958728 0.969545
6.97 0.95555 1.00122 0.945006
6.99 0.964472 0.975331 0.95887
7.01 0.948699 0.940431 0.980797
7.03 0.912005 0.959224 0.973058
7.05 0.916422 0.959868 0.975712
7.07 0.919982 0.951192 0.999447
7.09 0.953247 0.95201 0.958007
7.11 0.952296 0.982286 0.960375
7.13 0.956321 0.968336 0.989072
7.15 0.98387 0.974399 0.968051
7.17 1.01519 1.00373 0.995968
7.19 1.03155 0.979288 0.970247
7.21 1.02305 0.986961 0.964032
7.23 1.03255 1.01727 0.986679
7.25 1.03997 1.00303 1.01693
7.27 1.00125 0.998287 0.988337
7.29 0.993482 1.00709 1.00287
7.31 0.994 0.997328 0.986548
7.33 1.01716 1.0277 1.00215
7.35 1.03246 1.02035 1.02697
7.37 1.0239 1.01554 1.03671
7.39 1.02516 1.00059 1.00677
7.41 1.00402 1.03057 1.01949
7.43 1.02684 1.03684 0.995779
7.45 1.02918 1.06043 1.0095
7.47 1.03319 1.00913 1.03506
7.49 1.02935 1.02672 1.04704
7.51 1.01119 1.04232 1.03263
7.53 1.02285 0.99634 1.02379
7.55 0.997487 1.02457 1.02736
7.57 0.998019 1.01243 0.996656
7.59 1.01138 1.03226 1.02913
7.61 1.00673 0.997678 1.00988
7.63 1.00961 0.997243 0.988898
7.65 1.01544 0.974894 1.01854
7.67 0.982482 0.996375 0.991147
7.69 0.973135 1.0363 1.0341
7.71 1.00836 0.977315 1.01048
7.73 1.02198 1.01868 1.00497
7.75 1.04557 1.03047 1.05291
7.77 1.0505 1.01302 1.01775
7.79 1.01088 1.01183 1.01079
7.81 1.04605 1.01933 0.991935
7.83 1.0144 1.01656 0.996752
7.85 1.01975 1.00964 1.00629
7.87 1.02204 1.02665 0.971701
7.89 1.01985 1.01206 0.991822
7.91 1.01155 1.02481 0.98897
7.93 1.00307 1.03194 1.03315
7.95 1.02627 1.01346 1.02606
7.97 1.02801 1.00608 0.998393
7.99 1.0129 1.01612 1.00845
