# r  g_300K  g_600K  g_900K
0.01 0 0 0
0.03 0 0 0
0.05 0 0 0
0.07 0 0 0
0.09 0 0 0
0.11 0 0 0
0.13 0 0 0
0.15 0 0 0
0.17 0 0 0
0.19 0 0 0
0.21 0 0 0
0.23 0 0 0
0.25 0 0 0
0.27 0 0 0
0.29 0 0 0
0.31 0 0 0
0.33 0 0 0
0.35 0 0 0
0.37 0 0 0
0.39 0 0 0
0.41 0 0 0
0.43 0 0 0
0.45 0 0 0
0.47 0 0 0
0.49 0 0 0
0.51 0 0 0
0.53 0 0 0
0.55 0 0 0
0.57 0 0 0
0.59 0 0 0
0.61 0 0 0
0.63 0 0 0
0.65 0 0 0
0.67 0 0 0
0.69 0 0 0
0.71 0 0 0
0.73 0 0 0
0.75 0 0 0
0.77 0 0 0
0.79 0 0 0
0.81 0 0 0
0.83 0 0 0
0.85 0 0 0
0.87 0 0 0
0.89 0 0 0
0.91 0 0 0
0.93 0 0 0
0.95 0 0 0
0.97 0 0 0
0.99 0 0 0
1.01 0 0 0
1.03 0 0 0
1.05 0 0 0
1.07 0 0 0
1.09 0 0 0
1.11 0 0 0
1.13 0 0 0
1.15 0 0 0
1.17 0 0 0
1.19 0 0 0
1.21 0 0 0
1.23 0 0 0
1.25 0 0 0
1.27 0 0 0
1.29 0 0 0
1.31 0 0 0.00221816
1.33 0 0.00428332 0.0118283
1.35 0.00308978 0.0217918 0.0595708
1.37 0.0370362 0.122047 0.224211
1.39 0.225592 0.392968 0.473023
1.41 0.704957 0.881884 0.856124
1.43 1.60874 1.48609 1.39576
1.45 2.28214 1.82462 1.66715
1.47 2.25971 1.94902 1.70753
1.49 1.78729 1.74434 1.64748
1.51 1.33895 1.4392 1.34201
1.53 0.896487 0.984482 1.05
1.55 0.568499 0.632158 0.736319
1.57 0.298068 0.405636 0.471255
1.59 0.15604 0.222479 0.323192
1.61 0.0645018 0.122724 0.192461
1.63 0.0353684 0.0805312 0.189875
1.65 0.0448547 0.183638 0.33925
1.67 0.202783 0.484783 0.652715
1.69 0.776247 1.09454 1.228
1.71 2.11258 2.00488 1.93964
1.73 3.65833 3.06465 2.72551
1.75 4.45626 3.66526 3.16521
1.77 4.23316 3.73707 3.35908
1.79 3.57332 3.52766 3.34671
1.81 3.03722 3.1166 3.12343
1.83 2.45834 2.7063 2.64438
1.85 2.04202 2.20158 2.31497
1.87 1.69989 1.83082 1.90406
1.89 1.34331 1.41119 1.53889
1.91 1.01821 1.10251 1.19107
1.93 0.745491 0.836812 0.941174
1.95 0.538534 0.642932 0.711509
1.97 0.371311 0.477686 0.587215
1.99 0.283243 0.325605 0.416386
2.01 0.190664 0.262475 0.279521
2.03 0.130852 0.172819 0.210217
2.05 0.0916469 0.116691 0.164447
2.07 0.0675308 0.0950111 0.124413
2.09 0.129466 0.130503 0.147776
2.11 0.121958 0.123767 0.145451
2.13 0.0778374 0.0930727 0.109539
2.15 0.0711302 0.077431 0.100512
2.17 0.0642372 0.0792083 0.109985
2.19 0.0579757 0.0769757 0.108408
2.21 0.0823228 0.11555 0.140314
2.23 0.102759 0.148508 0.180322
2.25 0.179254 0.20159 0.215869
2.27 0.227489 0.25576 0.262652
2.29 0.32743 0.318077 0.308621
2.31 0.393624 0.380034 0.383894
2.33 0.465461 0.438843 0.415209
2.35 0.525593 0.518078 0.482345
2.37 0.580999 0.568369 0.522383
2.39 0.633124 0.609911 0.582687
2.41 0.68319 0.670291 0.66974
2.43 0.742305 0.701013 0.70255
2.45 0.786565 0.789594 0.786667
2.47 0.875211 0.840804 0.79464
2.49 0.997586 0.930018 0.897026
2.51 1.12722 1.073 0.974667
2.53 1.13824 1.05907 1.00486
2.55 1.11126 1.00293 0.997683
2.57 0.961458 0.981114 0.929941
2.59 0.867671 0.925374 0.90102
2.61 0.776909 0.811977 0.867832
2.63 0.72656 0.773406 0.832689
2.65 0.658163 0.707287 0.770871
2.67 0.636454 0.694639 0.769466
2.69 0.646765 0.714407 0.750715
2.71 0.648276 0.734846 0.770551
2.73 0.737316 0.758616 0.773314
2.75 0.795462 0.79197 0.844409
2.77 0.87979 0.883041 0.886331
2.79 0.975581 0.93311 0.926562
2.81 1.07311 1.00794 0.988718
2.83 1.14527 1.07007 1.04509
2.85 1.17106 1.12694 1.05717
2.87 1.17969 1.14118 1.09485
2.89 1.16721 1.12411 1.09765
2.91 1.14595 1.13311 1.15574
2.93 1.12048 1.13923 1.17319
2.95 1.16776 1.2733 1.35709
2.97 1.59083 1.63218 1.55741
2.99 2.25978 1.94487 1.8195
3.01 2.12009 1.88229 1.77628
3.03 1.82847 1.84619 1.72651
3.05 1.70295 1.66653 1.65284
3.07 1.54116 1.59005 1.57431
3.09 1.44154 1.48639 1.52459
3.11 1.37664 1.44385 1.45239
3.13 1.31879 1.34916 1.36825
3.15 1.28262 1.27936 1.32265
3.17 1.20232 1.26608 1.23749
3.19 1.16109 1.21027 1.21026
3.21 1.11915 1.16344 1.15416
3.23 1.07725 1.10716 1.15364
3.25 1.04111 1.05988 1.08665
3.27 1.06128 1.06078 1.05058
3.29 1.00743 1.03745 1.04931
3.31 1.00488 1.02009 1.04394
3.33 0.988956 0.974894 1.02816
3.35 0.990229 1.00058 1.01917
3.37 0.977193 1.00209 1.0028
3.39 0.970779 0.979586 0.99775
3.41 0.963123 0.988489 0.991122
3.43 1.01025 0.976078 0.990272
3.45 1.02615 1.00317 0.982962
3.47 1.01904 1.00235 1.02911
3.49 0.996456 1.01661 1.01278
3.51 1.02233 1.0116 1.00273
3.53 1.0129 1.01391 1.0117
3.55 1.00048 1.02865 1.0011
3.57 1.012 0.991934 1.01919
3.59 0.999585 1.00313 1.01138
3.61 0.996471 1.00738 1.00381
3.63 1.00664 0.987536 0.980846
3.65 0.995209 0.971975 0.987032
3.67 0.969165 0.975704 0.979963
3.69 0.970246 0.981042 0.989205
3.71 0.967374 0.984617 0.978827
3.73 0.980658 0.982004 0.99499
3.75 0.964894 0.967363 0.974456
3.77 0.980309 0.979224 0.993622
3.79 0.973929 0.990414 0.984654
3.81 0.968118 0.994527 0.982803
3.83 0.96853 0.964394 0.967021
3.85 0.975223 0.995517 0.958512
3.87 0.985866 0.979656 0.973604
3.89 0.992501 0.966711 0.980716
3.91 0.981526 0.980378 0.980593
3.93 0.971948 0.968568 0.966417
3.95 0.976926 0.979455 0.981607
3.97 0.975301 0.956389 0.992663
3.99 0.989096 0.961751 0.98256
4.01 0.990067 0.974841 0.9925
4.03 0.979814 0.985086 0.963948
4.05 0.999522 1.00207 0.990869
4.07 0.988546 0.975629 0.98951
4.09 1.00081 0.999632 0.994373
4.11 1.00881 1.00691 0.988783
4.13 1.00168 0.976164 1.01618
4.15 1.02095 1.04255 1.01153
4.17 1.04879 1.02632 1.00943
4.19 1.05327 1.01841 1.01533
4.21 1.03701 1.03375 1.04288
4.23 1.04707 1.0347 1.02236
4.25 1.01518 1.0403 1.02895
4.27 1.02939 1.03437 0.994195
4.29 1.01679 1.02369 1.01147
4.31 0.972027 1.01649 1.03393
4.33 0.992057 1.00704 1.00978
4.35 0.987829 1.00614 0.974237
4.37 0.979201 1.01584 0.998342
4.39 0.990267 0.981381 0.997414
4.41 1.00477 0.97817 1.01808
4.43 1.00809 1.02897 1.00916
4.45 1.01753 1.03312 1.02663
4.47 1.01814 1.02351 1.00116
4.49 1.01843 1.02372 1.00322
4.51 1.04321 1.02693 1.04657
4.53 1.05243 1.00596 1.0183
4.55 1.03811 1.01025 1.00767
4.57 1.00914 1.02482 1.02216
4.59 0.996991 1.01144 1.01703
4.61 1.00728 0.9993 1.00336
4.63 0.979498 0.992434 1.01259
4.65 1.01593 0.994917 1.01863
4.67 1.00144 1.00524 0.996613
4.69 0.998833 0.996474 1.00428
4.71 1.00622 0.993798 0.993051
4.73 1.00897 0.998678 0.999363
4.75 1.0104 0.996197 0.993368
4.77 1.00542 0.991053 0.977429
4.79 0.9696 0.985487 0.98315
4.81 0.974793 0.991852 0.977615
4.83 0.950951 0.981178 0.968266
4.85 0.947993 0.961782 0.972398
4.87 0.950527 0.966585 0.964031
4.89 0.946925 0.957864 0.953268
4.91 0.923182 0.948049 0.932424
4.93 0.911139 0.946935 0.95433
4.95 0.941656 0.921909 0.952007
4.97 0.945448 0.948122 0.956862
4.99 0.941266 0.941596 0.940817
5.01 0.929885 0.933538 0.941114
5.03 0.92243 0.939264 0.935983
5.05 0.930815 0.94003 0.948181
5.07 0.959249 0.936811 0.943366
5.09 0.953223 0.950013 0.956002
5.11 0.95298 0.955871 0.959319
5.13 0.963625 0.950139 0.962464
5.15 0.975502 0.962874 0.949984
5.17 0.957687 0.986079 0.956908
5.19 0.972739 0.986742 0.969413
5.21 0.976764 0.977636 0.983161
5.23 0.996431 0.980755 0.970312
5.25 0.984632 0.976063 0.979581
5.27 1.00207 0.972089 1.0026
5.29 0.992946 0.974657 0.996215
5.31 0.994571 1.00689 0.976325
5.33 1.01178 0.998219 1.00014
5.35 1.00876 1.00117 1.00785
5.37 1.01278 0.9959 0.995383
5.39 1.00108 1.00801 1.00708
5.41 1.0066 1.00734 1.00961
5.43 1.02085 1.0058 1.00776
5.45 1.00168 0.995475 1.00572
5.47 0.990148 1.00993 1.00554
5.49 1.00215 1.00921 1.00852
5.51 0.996016 1.003 1.00233
5.53 0.992337 0.999735 1.00351
5.55 0.999019 1.00265 1.00934
5.57 0.994467 1.00158 1.0092
5.59 1.00709 1.00667 0.989997
5.61 1.00142 0.998309 1.02402
5.63 1.01228 1.01195 1.02014
5.65 1.01943 1.0198 1.01109
5.67 1.02152 1.01234 1.00581
5.69 1.02259 0.998453 1.00182
5.71 1.03095 1.0227 1.02647
5.73 1.02342 1.02391 1.02069
5.75 1.02949 1.02252 1.02026
5.77 1.02457 1.02593 1.01137
5.79 1.02608 1.03049 1.02153
5.81 1.01252 1.02511 1.02374
5.83 1.0145 1.02929 1.03026
5.85 1.01279 1.0169 1.01305
5.87 1.02377 1.00706 1.01116
5.89 1.02301 1.01388 1.01353
5.91 1.01975 1.02428 1.01596
5.93 1.01395 1.00511 1.01824
5.95 1.01902 1.01281 1.01802
5.97 1.03272 1.01364 0.998369
5.99 1.01835 1.00932 1.03088
6.01 1.01709 1.01978 1.00513
6.03 1.00737 1.02067 1.01775
6.05 1.00009 1.00136 1.03071
6.07 1.01029 1.02165 1.01664
6.09 1.01299 1.01766 1.01634
6.11 1.00282 1.01183 1.02507
6.13 1.00726 1.00997 1.00059
6.15 1.01763 1.00823 1.00235
6.17 1.01916 1.02498 1.00487
6.19 1.01637 1.01076 1.01239
6.21 1.02785 1.01001 0.998206
6.23 1.03197 1.00924 1.00882
6.25 1.02245 1.01814 1.02422
6.27 1.00799 1.02539 1.0081
6.29 1.01238 1.0082 1.00801
6.31 1.00781 1.00972 1.0138
6.33 1.00244 1.00683 1.00031
6.35 1.00345 1.00196 0.995864
6.37 1.00081 1.00573 1.00886
6.39 0.995509 1.00909 1.00619
6.41 0.994393 0.999414 1.00483
6.43 0.981072 0.996226 0.989997
6.45 0.999039 0.991251 0.983721
6.47 0.98681 0.994458 0.997668
6.49 0.985122 1.00035 1.00614
6.51 0.995013 1.00048 1.00936
6.53 1.00717 0.99265 0.997612
6.55 0.999239 0.991972 0.996616
6.57 1.01037 0.993855 0.995828
6.59 0.993727 1.00702 0.997228
6.61 1.00439 0.998412 1.0076
6.63 1.00314 0.999667 1.00999
6.65 1.00418 1.00259 1.00326
6.67 0.995621 1.01188 1.00335
6.69 1.00461 0.996903 0.993817
6.71 0.99196 0.998872 1.00164
6.73 0.991134 0.999315 1.00225
6.75 0.996044 0.999754 1.00284
6.77 0.994502 0.994955 0.997877
6.79 0.9927 0.999538 1.00106
6.81 0.985283 0.992742 0.993001
6.83 0.992337 1.00221 0.992015
6.85 1.00305 0.999051 1.0049
6.87 0.987173 0.995774 0.997208
6.89 0.993063 0.989798 1.00232
6.91 0.999233 1.00462 1.00147
6.93 1.00004 0.988349 0.996224
6.95 1.00069 1.00282 1.00986
6.97 1.00044 0.99639 0.993866
6.99 1.00868 1.00027 0.993297
7.01 0.993328 1.00307 0.999239
7.03 1.01305 1.01498 1.0091
7.05 1.00856 1.00679 1.00712
7.07 1.00688 1.0163 1.01077
7.09 1.01724 1.0039 1.00366
7.11 1.0199 0.996922 1.00913
7.13 1.02433 1.00855 1.01043
7.15 1.02569 1.00824 1.00747
7.17 1.01406 1.01484 1.0073
7.19 1.01462 1.01145 1.00523
7.21 1.02653 1.01708 1.00753
7.23 1.02247 1.01748 1.01545
7.25 1.01019 1.01767 1.01504
7.27 1.01441 1.01679 1.00662
7.29 1.01684 1.00683 1.02017
7.31 1.01696 1.00224 0.999024
7.33 1.01148 1.01918 1.00748
7.35 1.01715 1.01733 1.00771
7.37 1.00364 1.00458 1.00845
7.39 0.994673 1.00087 1.01062
7.41 0.994468 1.00154 1.00597
7.43 0.98896 0.995216 1.00576
7.45 0.987047 0.994423 0.993528
7.47 0.986349 0.990223 1.00091
7.49 0.980683 0.988158 0.989053
7.51 0.979564 0.989367 0.981627
7.53 0.965476 0.977404 0.988636
7.55 0.9673 0.982187 0.978285
7.57 0.970525 0.981882 0.990347
7.59 0.965195 0.984741 0.98611
7.61 0.970656 0.987575 0.975705
7.63 0.98514 0.981123 0.983912
7.65 0.988846 0.9773 0.981751
7.67 0.991068 0.989039 0.982812
7.69 0.989749 0.990794 1.00115
7.71 1.00685 0.994204 0.989261
7.73 0.999722 0.989749 0.993179
7.75 1.01257 1.00541 1.00271
7.77 1.01491 1.01016 1.00204
7.79 1.0088 1.0007 0.999556
7.81 1.00096 0.994472 0.988668
7.83 1.00033 1.00152 0.990984
7.85 1.00112 1.0086 1.00253
7.87 1.00341 1.00299 0.998082
7.89 0.999265 0.996844 0.988609
7.91 1.00506 1.00643 0.993802
7.93 0.999728 1.00312 1.00512
7.95 1.0054 0.993473 0.993271
7.97 0.99519 0.999829 1.00149
7.99 1.01023 0.998872 0.991346
