# r  g_300K  g_600K  g_900K
0.01 0 0 0
0.03 0 0 0
0.05 0 0 0
0.07 0 0 0
0.09 0 0 0
0.11 0 0 0
0.13 0 0 0
0.15 0 0 0
0.17 0 0 0
0.19 0 0 0
0.21 0 0 0
0.23 0 0 0
0.25 0 0 0
0.27 0 0 0
0.29 0 0 0
0.31 0 0 0
0.33 0 0 0
0.35 0 0 0
0.37 0 0 0
0.39 0 0 0
0.41 0 0 0
0.43 0 0 0
0.45 0 0 0
0.47 0 0 0
0.49 0 0 0
0.51 0 0 0
0.53 0 0 0
0.55 0 0 0
0.57 0 0 0
0.59 0 0 0
0.61 0 0 0
0.63 0 0 0
0.65 0 0 0
0.67 0 0 0
0.69 0 0 0
0.71 0 0 0
0.73 0 0 0
0.75 0 0 0
0.77 0 0 0
0.79 0 0 0
0.81 0 0 0
0.83 0 0 0
0.85 0 0 0
0.87 0 0 0
0.89 0 0 0
0.91 0 0 0
0.93 0 0 0
0.95 0 0 0
0.97 0 0 0
0.99 0 0 0
1.01 0 0 0
1.03 0 0 0
1.05 0 0 0
1.07 0 0 0
1.09 0 0 0
1.11 0 0 0
1.13 0 0 0
1.15 0 0 0
1.17 0 0 0
1.19 0 0 0
1.21 0 0 0
1.23 0 0 0
1.25 0 0 0
1.27 0 0 0
1.29 0 0 0
1.31 0 0 0
1.33 0 0 0
1.35 0 0 0
1.37 0 0 0
1.39 0 0 0
1.41 0 0 0
1.43 0 0 0
1.45 0 0 0
1.47 0 0 0
1.49 0 0 0
1.51 0 0 0
1.53 0 0 0
1.55 0 0 0
1.57 0 0 0
1.59 0 0 0
1.61 0 0 0
1.63 0 0 0
1.65 0 0 0
1.67 0 0 0
1.69 0 0 0
1.71 0 0 0
1.73 0 0 0
1.75 0 0 0
1.77 0 0 0
1.79 0 0 0
1.81 0 0 0
1.83 0 0 0
1.85 0 0 0
1.87 0 0 0
1.89 0 0 0
1.91 0 0 0
1.93 0 0 0
1.95 0 0 0
1.97 0 0 0
1.99 0 0 0
2.01 0 0 0
2.03 0 0 0
2.05 0 0 0
2.07 0.0708083 0.122179 0.102495
2.09 1.61694 1.28 1.19668
2.11 1.42104 1.22597 1.47977
2.13 0.849825 1.00114 0.948632
2.15 0.909359 0.840889 0.835878
2.17 0.754579 0.73256 0.783255
2.19 0.523901 0.628072 0.622701
2.21 0.727451 0.742312 0.809079
2.23 0.583711 0.685082 0.618325
2.25 0.736242 0.854259 0.745943
2.27 0.714737 0.678107 0.715659
2.29 0.71866 0.940943 0.828822
2.31 0.714712 0.818399 0.913584
2.33 1.08559 0.965552 0.945968
2.35 0.980876 1.05198 1.10569
2.37 1.17256 1.39926 1.15676
2.39 1.43345 1.19257 1.36825
2.41 1.42505 1.57146 1.58784
2.43 1.41621 1.44204 1.6731
2.45 1.70363 1.82618 1.71177
2.47 1.96742 1.71076 1.57607
2.49 1.94274 1.65533 2.01879
2.51 2.00165 2.05889 1.9517
2.53 2.21347 2.06082 1.78377
2.55 2.3255 1.94751 2.01234
2.57 2.04032 2.17549 2.02143
2.59 2.0412 2.12891 2.02967
2.61 2.1052 2.03872 2.17229
2.63 2.38665 2.04582 2.34874
2.65 2.14742 2.0398 2.15132
2.67 2.1942 2.29115 2.38388
2.69 2.37741 2.24521 2.14227
2.71 2.21845 2.33102 2.02106
2.73 2.23237 2.26749 2.14498
2.75 2.42352 2.154 2.18291
2.77 2.32112 2.39642 2.26615
2.79 2.19896 2.42911 2.22856
2.81 2.45306 2.33944 2.04664
2.83 2.33736 2.2518 2.17663
2.85 2.46463 2.20968 2.23805
2.87 2.4933 2.60334 2.36199
2.89 2.25676 2.12283 2.30298
2.91 2.32824 2.17147 2.56244
2.93 2.33685 2.36074 2.14857
2.95 2.30545 2.34859 2.2352
2.97 2.28912 2.1986 2.00685
2.99 2.18111 2.00317 2.04851
3.01 1.87489 1.92294 1.92433
3.03 1.76512 1.6983 1.74593
3.05 1.71412 1.63842 1.84062
3.07 1.3378 1.68237 1.66324
3.09 1.38872 1.52748 1.49923
3.11 1.30363 1.42225 1.38027
3.13 1.16772 1.20826 1.27299
3.15 1.17459 1.21476 1.22128
3.17 1.02189 1.25601 1.11873
3.19 0.962321 1.07296 1.16524
3.21 1.00927 1.03847 1.10383
3.23 1.01756 1.05092 1.09015
3.25 0.955874 0.930432 0.964671
3.27 0.907764 0.820902 0.940582
3.29 0.936668 1.03274 0.937189
3.31 0.814668 0.837097 0.901763
3.33 0.734643 0.693168 0.977951
3.35 0.656318 0.801412 0.735718
3.37 0.76308 0.753591 0.715371
3.39 0.780454 0.775053 0.852228
3.41 0.749014 0.837522 0.83068
3.43 0.832483 0.798233 0.754024
3.45 0.786348 0.689796 0.867005
3.47 0.730427 0.794331 0.798666
3.49 0.853891 0.828401 0.916004
3.51 0.886261 0.907583 0.916099
3.53 0.886743 0.883151 0.891887
3.55 0.907668 0.831677 0.88146
3.57 0.8874 0.80521 0.913134
3.59 0.890883 0.847296 0.875693
3.61 0.847909 0.831101 0.903094
3.63 0.789327 0.821953 0.783214
3.65 0.780561 0.763889 0.735012
3.67 0.675551 0.833328 0.798754
3.69 0.75725 0.660817 0.74813
3.71 0.746197 0.824857 0.714572
3.73 0.58242 0.76587 0.634567
3.75 0.702499 0.74535 0.693168
3.77 0.676785 0.737472 0.772242
3.79 0.80852 0.778365 0.843827
3.81 0.847714 0.785079 0.743995
3.83 0.700152 0.753167 0.688433
3.85 0.763066 0.892571 0.773049
3.87 0.821626 0.810723 0.812214
3.89 0.859016 0.790641 0.827067
3.91 0.841748 0.779853 0.921946
3.93 0.861283 0.87099 0.873011
3.95 0.921975 0.929293 0.99625
3.97 0.879761 0.81752 0.919693
3.99 0.854639 0.833921 0.893751
4.01 0.953776 1.04305 0.917683
4.03 1.04056 0.957116 0.924705
4.05 1.10158 1.00908 1.02793
4.07 1.10123 0.978163 0.872167
4.09 1.05682 0.950284 0.997544
4.11 1.03889 1.00828 1.04528
4.13 0.975524 0.893583 1.1406
4.15 0.92847 1.13107 0.956229
4.17 1.12622 1.07999 0.982396
4.19 1.04892 1.0697 1.0253
4.21 1.06116 0.934012 1.06289
4.23 1.04135 1.01309 1.09471
4.25 1.00993 1.06139 1.03808
4.27 0.993277 1.06354 0.953733
4.29 0.93009 0.984719 0.875711
4.31 0.968067 1.02026 1.038
4.33 1.05608 1.07149 1.02121
4.35 1.05574 1.03169 0.958392
4.37 1.06422 1.16633 1.08979
4.39 1.06119 0.97658 1.0391
4.41 1.13402 1.03962 1.07235
4.43 1.11499 1.12168 1.10781
4.45 1.11153 1.14256 1.15525
4.47 1.05186 1.11667 1.1056
4.49 1.10042 1.27152 1.0041
4.51 1.16097 1.28408 1.13783
4.53 1.16771 1.18326 1.20034
4.55 1.13655 1.16861 1.16671
4.57 1.22613 1.20043 1.08499
4.59 1.17018 1.10492 1.11752
4.61 1.16021 1.10762 1.13649
4.63 1.04096 1.06538 1.11662
4.65 1.18248 1.11681 1.29972
4.67 1.16821 1.16167 1.19808
4.69 1.07749 1.09994 1.17378
4.71 1.15636 1.21068 1.20548
4.73 1.26859 1.13032 1.14617
4.75 1.18307 1.2815 1.19308
4.77 1.24739 1.1863 1.1619
4.79 1.2351 1.22957 1.1657
4.81 1.34284 1.28745 1.1938
4.83 1.32812 1.23563 1.21239
4.85 1.34104 1.23457 1.25445
4.87 1.33361 1.27425 1.26826
4.89 1.3083 1.25469 1.23951
4.91 1.29768 1.26079 1.30781
4.93 1.19096 1.21471 1.20156
4.95 1.23966 1.2262 1.17029
4.97 1.17352 1.21635 1.34929
4.99 1.15721 1.19098 1.17298
5.01 1.13597 1.13969 1.16862
5.03 1.11824 1.10981 1.1161
5.05 1.01773 1.11498 1.12613
5.07 1.13954 1.03294 1.06461
5.09 1.08216 1.07894 1.12211
5.11 1.0023 1.05366 1.10141
5.13 1.02577 1.16824 1.00613
5.15 1.02272 1.04886 0.990065
5.17 0.964525 1.00802 0.987446
5.19 0.94097 1.02316 0.997703
5.21 0.922719 0.99434 1.04032
5.23 0.937797 0.980279 0.955274
5.25 0.844241 0.873133 0.89232
5.27 0.870641 0.87277 0.89017
5.29 0.879447 0.852137 0.933677
5.31 0.839067 0.924662 0.889436
5.33 0.838885 0.833167 0.88433
5.35 0.862995 0.858974 0.938926
5.37 0.868479 0.792141 0.89389
5.39 0.863579 0.859893 0.928203
5.41 0.934175 0.872897 0.967639
5.43 0.89939 0.869481 0.924786
5.45 0.939508 0.893897 0.847219
5.47 0.993493 0.96181 0.898319
5.49 0.907104 0.854907 0.925199
5.51 0.88628 0.897593 0.892302
5.53 0.919623 0.881228 0.870193
5.55 0.957917 0.932907 0.986661
5.57 0.898021 0.937537 0.925722
5.59 0.888936 0.888752 0.927464
5.61 0.878415 0.920175 0.957171
5.63 0.90765 0.912106 0.88395
5.65 0.847049 0.911183 0.957459
5.67 0.873333 0.87483 0.898745
5.69 0.88065 0.868712 0.9211
5.71 0.873154 0.896101 0.922608
5.73 0.864404 0.936378 0.863963
5.75 0.868908 0.887719 0.839207
5.77 0.804355 0.884098 0.857225
5.79 0.946103 0.926269 0.919585
5.81 0.89981 0.834428 0.947117
5.83 0.858025 0.8814 0.896456
5.85 0.895154 0.903487 0.895645
5.87 0.965796 0.916369 0.977594
5.89 0.898041 0.905123 0.873486
5.91 0.954028 0.967819 0.8927
5.93 0.916715 0.918967 0.941506
5.95 0.897137 0.948713 0.977509
5.97 0.983575 0.999951 0.94118
5.99 1.01439 0.905473 0.996381
6.01 0.974107 1.00465 1.04799
6.03 0.998632 0.971591 0.987929
6.05 0.967185 0.991609 1.05087
6.07 1.05138 1.01344 1.04409
6.09 1.06202 1.05264 1.07163
6.11 1.08185 1.00734 1.01645
6.13 1.09655 1.04714 1.06462
6.15 1.14114 1.0739 1.01374
6.17 1.14508 1.07836 0.99776
6.19 1.14777 1.10898 1.04048
6.21 1.17644 1.06108 1.08864
6.23 1.14093 1.05102 1.08728
6.25 1.05049 1.10351 1.08827
6.27 0.980932 1.10872 1.03995
6.29 0.976902 1.03667 0.981198
6.31 1.00992 1.0453 1.049
6.33 0.974308 1.00497 1.02138
6.35 0.982205 0.97471 0.988718
6.37 0.996311 0.97835 0.990293
6.39 1.00605 1.07271 1.08406
6.41 1.04509 1.0267 0.972509
6.43 0.997691 1.0531 0.960276
6.45 1.02692 1.0341 0.975272
6.47 1.02994 0.998319 1.07209
6.49 1.06374 1.04931 1.04885
6.51 1.09501 1.00575 1.04331
6.53 1.05378 1.00472 1.03811
6.55 1.05646 1.08005 1.04192
6.57 1.10323 1.02787 1.01439
6.59 1.02371 1.09605 1.05667
6.61 1.073 1.04364 1.0604
6.63 1.05378 1.04122 1.08895
6.65 1.03176 1.02521 1.01191
6.67 1.03629 1.03268 0.997998
6.69 1.0088 0.969971 1.05981
6.71 0.966267 0.939909 0.959737
6.73 0.981513 0.975828 0.980208
6.75 0.942515 0.97966 0.943529
6.77 0.992712 0.987179 1.05765
6.79 0.967097 0.978535 0.988695
6.81 0.970826 0.995292 0.942039
6.83 0.942787 1.1085 1.01664
6.85 1.0056 1.06656 1.01271
6.87 1.03744 1.03083 0.991912
6.89 0.994924 0.973291 1.0028
6.91 1.00185 1.02632 1.04939
6.93 1.0917 1.08397 1.03423
6.95 1.06668 1.10485 1.05474
6.97 1.09618 1.02838 0.979881
6.99 1.06422 1.02874 0.977794
7.01 1.04046 1.02922 0.9999
7.03 1.06704 1.03129 1.07868
7.05 1.08111 1.05974 1.08141
7.07 1.05584 1.11834 1.09995
7.09 1.02319 1.05293 1.11555
7.11 0.996012 1.00817 1.03726
7.13 1.01513 1.03515 1.003
7.15 1.01541 1.00806 1.05127
7.17 1.00971 1.02619 1.01824
7.19 1.02759 1.05003 1.02188
7.21 1.06435 1.03155 1.02131
7.23 1.03039 1.08784 1.04674
7.25 1.06011 1.0136 1.05196
7.27 1.03059 1.03289 0.988777
7.29 1.06081 1.06254 1.02135
7.31 1.0428 0.991403 0.999276
7.33 1.0202 1.02086 1.04384
7.35 1.04432 1.03726 1.04621
7.37 0.957211 0.964084 0.966001
7.39 0.952161 0.965286 0.950461
7.41 0.928021 0.965606 0.998136
7.43 0.873575 0.970706 0.988804
7.45 0.891617 0.921398 0.980289
7.47 0.914738 0.920432 0.933317
7.49 0.920677 0.966937 0.937784
7.51 0.900447 0.922163 0.920266
7.53 0.96828 0.942714 0.979636
7.55 1.01248 0.959316 0.970639
7.57 0.988296 0.966361 1.02609
7.59 1.0064 0.992404 0.948369
7.61 1.06397 0.988637 1.03653
7.63 1.04423 1.01357 0.945938
7.65 1.11434 1.01941 1.01818
7.67 1.02006 1.03336 0.996512
7.69 1.05368 1.01557 1.00095
7.71 1.01826 1.07332 1.05333
7.73 0.950653 0.965534 0.980341
7.75 0.994174 1.0536 1.01393
7.77 0.970398 1.01127 1.03008
7.79 0.968962 0.988838 1.00512
7.81 0.990959 0.988757 0.987845
7.83 0.999329 0.976569 0.984956
7.85 0.929593 0.990017 0.977775
7.87 0.951445 0.999728 1.02322
7.89 1.00508 1.00177 1.00881
7.91 0.975093 0.976596 0.966348
7.93 1.04326 0.993778 1.01039
7.95 0.972169 0.995077 0.976989
7.97 0.952324 0.950942 0.935306
7.99 1.03778 1.01043 0.982292
