# r  g_300K  g_600K  g_900K
0.01 0 0 0
0.03 0 0 0
0.05 0 0 0
0.07 0 0 0
0.09 0 0 0
0.11 0 0 0
0.13 0 0 0
0.15 0 0 0
0.17 0 0 0
0.19 0 0 0
0.21 0 0 0
0.23 0 0 0
0.25 0 0 0
0.27 0 0 0
0.29 0 0 0
0.31 0 0 0
0.33 0 0 0
0.35 0 0 0
0.37 0 0 0
0.39 0 0 0
0.41 0 0 0
0.43 0 0 0
0.45 0 0 0
0.47 0 0 0
0.49 0 0 0
0.51 0 0 0
0.53 0 0 0
0.55 0 0 0
0.57 0 0 0
0.59 0 0 0
0.61 0 0 0
0.63 0 0 0
0.65 0 0 0
0.67 0 0 0
0.69 0 0 0
0.71 0 0 0
0.73 0 0 0
0.75 0 0 0
0.77 0 0 0
0.79 0 0 0
0.81 0 0 0
0.83 0 0 0
0.85 0 0 0
0.87 0 0 0
0.89 0 0 0
0.91 0 0 0
0.93 0 0 0
0.95 0 0 0
0.97 0 0 0
0.99 0 0 0
1.01 0 0 0
1.03 0 0 0
1.05 0 0 0
1.07 0 0 0
1.09 0 0 0
1.11 0 0 0
1.13 0 0 0
1.15 0 0 0
1.17 0 0 0
1.19 0 0 0
1.21 0 0 0
1.23 0 0 0
1.25 0 0 0
1.27 0 0 0
1.29 0 0 0
1.31 0 0 0
1.33 0 0 0
1.35 0 0 0
1.37 0 0 0
1.39 0 0 0
1.41 0 0 0
1.43 0 0 0
1.45 0 0 0
1.47 0 0 0
1.49 0 0 0
1.51 0 0 0
1.53 0 0 0
1.55 0 0 0
1.57 0 0 0
1.59 0 0 0
1.61 0 0 0
1.63 0 0 0
1.65 0 0 0
1.67 0 0 0
1.69 0 0 0
1.71 0 0 0
1.73 0 0 0
1.75 0 0 0
1.77 0 0 0
1.79 0 0 0
1.81 0 0 0
1.83 0 0 0
1.85 0 0 0
1.87 0 0 0
1.89 0 0 0
1.91 0 0 0
1.93 0 0 0
1.95 0 0 0
1.97 0 0 0
1.99 0 0 0
2.01 0 0 0
2.03 0 0 0
2.05 0 0 0
2.07 0 0 0.0021773
2.09 0 0 0.00428712
2.11 0 0 0.00842552
2.13 0 0.00409929 0.0206207
2.15 0.00398975 0.0140939 0.0749169
2.17 0.0294166 0.0612896 0.13117
2.19 0.0693147 0.120291 0.240054
2.21 0.160685 0.264912 0.340945
2.23 0.287787 0.436022 0.570024
2.25 0.600084 0.65799 0.718952
2.27 0.808092 0.924658 0.944114
2.29 1.24477 1.13206 1.07963
2.31 1.54864 1.42822 1.37113
2.33 1.75524 1.58932 1.41676
2.35 1.96783 1.86542 1.58256
2.37 2.07632 1.84905 1.68772
2.39 2.04645 1.89307 1.72193
2.41 2.05558 1.9052 1.84644
2.43 2.02345 1.80937 1.75075
2.45 1.76285 1.76289 1.77414
2.47 1.74503 1.67181 1.59079
2.49 1.63533 1.56273 1.51994
2.51 1.43782 1.54366 1.48395
2.53 1.32859 1.45091 1.32622
2.55 1.16297 1.15646 1.27664
2.57 0.998165 1.02724 1.01168
2.59 0.835574 1.02947 1.00465
2.61 0.714362 0.800531 0.909306
2.63 0.603315 0.717232 0.79126
2.65 0.531215 0.632144 0.718296
2.67 0.488347 0.490911 0.62231
2.69 0.431332 0.451393 0.536619
2.71 0.311806 0.354837 0.448452
2.73 0.152386 0.202285 0.308936
2.75 0.0598256 0.115683 0.188129
2.77 0.0108265 0.046091 0.100013
2.79 0.00474372 0.0203226 0.0396884
2.81 0.00233824 0.0117763 0.0320176
2.83 0.00115105 0.0104599 0.022205
2.85 0 0.0137372 0.0391857
2.87 0.00112375 0.0124335 0.0374788
2.89 0.00662888 0.0289702 0.0996834
2.91 0.0163653 0.083531 0.223249
2.93 0.0882145 0.32847 0.611556
2.95 0.635524 1.16553 1.45049
2.97 3.05031 3.06266 2.84738
2.99 6.58431 4.94458 4.12296
3.01 6.11058 4.97056 4.34227
3.03 4.98155 4.6415 4.12278
3.05 4.19165 4.0497 3.86294
3.07 3.68282 3.75335 3.60721
3.09 3.1507 3.33538 3.31062
3.11 2.70557 2.97704 2.9817
3.13 2.39392 2.56007 2.67541
3.15 2.09468 2.29417 2.44348
3.17 1.8524 2.05874 2.11105
3.19 1.61243 1.77427 1.91653
3.21 1.40695 1.56963 1.61568
3.23 1.20185 1.38806 1.53108
3.25 1.084 1.1648 1.33244
3.27 0.994818 1.03403 1.10621
3.29 0.824058 0.914913 1.06257
3.31 0.761831 0.839287 0.928447
3.33 0.69279 0.7973 0.881918
3.35 0.680451 0.719798 0.791231
3.37 0.62441 0.699756 0.744128
3.39 0.613847 0.668875 0.702721
3.41 0.616251 0.641108 0.736318
3.43 0.623941 0.6162 0.691135
3.45 0.676499 0.616853 0.696602
3.47 0.675577 0.650763 0.74385
3.49 0.648128 0.685314 0.745983
3.51 0.6805 0.728945 0.685083
3.53 0.712865 0.696065 0.744249
3.55 0.723171 0.740692 0.717325
3.57 0.752722 0.703228 0.761349
3.59 0.73295 0.733748 0.738389
3.61 0.788602 0.766237 0.756871
3.63 0.789728 0.783987 0.776886
3.65 0.754095 0.794258 0.788869
3.67 0.788357 0.764841 0.799637
3.69 0.756118 0.804458 0.81571
3.71 0.807716 0.78769 0.779762
3.73 0.836879 0.80141 0.813939
3.75 0.828698 0.805395 0.789841
3.77 0.822442 0.788966 0.764397
3.79 0.804198 0.805347 0.825324
3.81 0.792571 0.844921 0.760744
3.83 0.819581 0.800733 0.804421
3.85 0.82912 0.826234 0.80933
3.87 0.865576 0.807212 0.838598
3.89 0.842701 0.824156 0.833562
3.91 0.878767 0.858308 0.857621
3.93 0.845357 0.853132 0.842351
3.95 0.907808 0.892363 0.86243
3.97 0.853539 0.885738 0.91732
3.99 0.922819 0.87501 0.909277
4.01 0.911237 0.930619 0.915968
4.03 0.946561 0.941624 0.897737
4.05 0.985152 0.949787 0.890512
4.07 1.00611 0.957285 0.940629
4.09 1.00519 0.955226 0.899046
4.11 0.999811 0.966383 0.900163
4.13 0.940857 0.977785 0.915679
4.15 0.990243 0.951575 0.905868
4.17 0.916523 0.941969 0.928275
4.19 0.936741 0.932543 0.951463
4.21 0.904866 0.944554 0.958822
4.23 0.931462 0.948655 0.904752
4.25 0.858833 0.926978 0.955337
4.27 0.905493 0.940208 0.870442
4.29 0.928184 0.914785 0.91317
4.31 0.874837 0.885177 0.959132
4.33 0.915572 0.903926 0.967259
4.35 0.903756 0.939414 0.939127
4.37 0.914789 0.991624 0.954647
4.39 0.945757 0.958979 0.976026
4.41 1.01553 0.951353 1.02005
4.43 1.01867 1.00489 0.952707
4.45 1.02904 1.01414 1.04011
4.47 1.06521 1.03915 1.03269
4.49 1.02184 1.0442 0.979407
4.51 1.0228 1.03584 1.04746
4.53 1.0214 0.994553 0.990847
4.55 1.01692 0.976867 0.959687
4.57 1.00313 1.01817 0.968753
4.59 0.972101 1.02752 0.978441
4.61 0.962391 1.00196 0.948013
4.63 0.971335 0.946806 1.00059
4.65 0.968104 0.97012 0.986704
4.67 1.00678 0.978984 0.983912
4.69 0.989418 0.959976 0.982264
4.71 0.978529 0.984925 0.962167
4.73 0.992211 0.965882 1.0302
4.75 0.992009 0.977576 0.971837
4.77 1.0048 1.00819 1.00316
4.79 1.00809 1.00263 1.03554
4.81 1.03286 1.01413 1.01486
4.83 0.994643 1.03124 0.987593
4.85 0.999433 1.00101 1.0362
4.87 0.984598 1.00218 1.01872
4.89 1.03451 1.03678 1.03663
4.91 1.01687 0.997129 1.00107
4.93 0.963073 1.02694 1.01102
4.95 1.00386 0.987533 1.00176
4.97 1.02129 0.984494 1.0116
4.99 1.04947 1.00799 0.987347
5.01 0.982209 1.02039 1.02242
5.03 0.974056 0.99203 1.00274
5.05 1.01195 1.01702 0.973399
5.07 1.02016 0.985495 1.03028
5.09 1.00184 0.975974 1.0131
5.11 0.969579 1.01755 1.01237
5.13 0.998582 1.00185 1.04895
5.15 1.03438 1.00183 0.999859
5.17 1.00524 1.03024 1.02227
5.19 1.01233 1.03059 1.03983
5.21 1.04773 1.04611 1.05016
5.23 1.06164 1.04314 1.02603
5.25 1.03981 1.01903 1.05642
5.27 1.04564 1.08038 1.07359
5.29 1.06805 1.04661 1.04091
5.31 1.08333 1.06514 1.05982
5.33 1.1044 1.06174 1.04285
5.35 1.08911 1.04794 1.08677
5.37 1.1271 1.06436 1.05506
5.39 1.08063 1.05743 1.07168
5.41 1.0569 1.06933 1.05311
5.43 1.09978 1.07569 1.02608
5.45 1.03551 1.0668 1.02223
5.47 0.997082 1.04695 1.04213
5.49 0.994469 1.01061 1.00505
5.51 0.995136 1.01033 1.00673
5.53 0.964725 1.00185 0.996991
5.55 0.949095 0.968952 1.01808
5.57 0.950584 0.986245 0.989289
5.59 0.953272 0.97895 0.958013
5.61 0.967305 0.952199 0.984462
5.63 0.954919 0.952793 0.975689
5.65 0.971324 0.969627 0.969508
5.67 0.976797 0.992032 0.971281
5.69 0.989073 0.962701 0.935648
5.71 0.980709 0.965302 0.972616
5.73 0.988237 1.00871 0.999014
5.75 0.957088 0.989421 0.948741
5.77 0.982055 0.973606 0.942989
5.79 0.979705 1.00132 0.979195
5.81 0.972708 0.980393 1.0019
5.83 0.969316 0.994431 1.00268
5.85 0.976748 0.978752 1.01669
5.87 1.00837 0.960997 0.980999
5.89 0.987945 1.01944 1.0204
5.91 1.01937 1.01837 0.990749
5.93 1.02012 0.995325 0.986724
5.95 1.03857 1.0149 1.01574
5.97 1.05886 1.03822 1.01426
5.99 1.02475 1.04011 1.05418
6.01 1.02637 1.03866 1.02597
6.03 1.04728 1.0537 1.02946
6.05 1.05902 1.06023 1.02772
6.07 1.03897 1.03536 1.03062
6.09 1.03645 1.03253 1.04958
6.11 1.00867 1.02803 1.04874
6.13 1.05048 1.05111 1.03569
6.15 1.03561 1.02334 1.00994
6.17 1.0296 1.05729 1.01174
6.19 1.02903 1.04171 1.0482
6.21 1.05565 0.999125 1.01022
6.23 1.02201 1.01381 1.00608
6.25 1.02566 1.0049 1.01701
6.27 1.01442 1.0182 1.01337
6.29 1.0206 1.0068 1.02013
6.31 0.998357 0.969947 1.01492
6.33 0.991832 1.00439 1.01242
6.35 1.00392 1.00444 0.982766
6.37 0.970317 1.00067 0.9961
6.39 0.977118 0.995819 0.986437
6.41 0.942273 0.983449 0.985656
6.43 0.969919 0.979871 0.982045
6.45 0.978569 0.962574 0.987892
6.47 0.979375 0.984862 1.00302
6.49 0.992415 0.979475 0.995285
6.51 0.995026 0.992085 1.00357
6.53 1.02339 1.00266 0.985107
6.55 1.03006 0.983054 0.993533
6.57 1.03002 0.971331 1.01615
6.59 1.01587 1.02628 1.0158
6.61 1.01946 1.0045 1.02553
6.63 1.01652 1.00585 1.01784
6.65 0.989099 1.02573 1.00203
6.67 1.01491 1.0217 1.00925
6.69 1.01565 0.99103 0.993614
6.71 0.996084 0.98513 1.01423
6.73 1.00181 1.02341 1.02804
6.75 1.00576 1.01578 1.01301
6.77 1.01173 1.00534 1.03152
6.79 1.0072 0.993549 0.998171
6.81 0.998487 0.995768 1.00949
6.83 0.998013 1.02419 0.989191
6.85 0.996525 0.999616 1.03449
6.87 0.988745 1.00348 1.03298
6.89 1.00989 1.00885 1.00174
6.91 1.03303 1.00964 1.00637
6.93 1.02538 0.987129 1.00602
6.95 1.00458 1.02696 1.03335
6.97 1.0334 1.00264 1.00664
6.99 1.01329 1.01349 1.01103
7.01 0.996637 1.04824 0.976699
7.03 1.01322 1.02986 1.01854
7.05 1.00058 1.01124 1.01484
7.07 1.011 1.01195 1.01023
7.09 1.03067 1.03156 1.01626
7.11 1.03804 1.01274 1.00095
7.13 1.01389 1.00633 1.01445
7.15 1.02592 1.01472 1.02508
7.17 1.01356 1.00669 1.01228
7.19 1.00362 1.00057 1.03277
7.21 1.01637 1.02865 1.00541
7.23 1.01623 1.02008 1.04332
7.25 0.986562 1.01708 1.01672
7.27 1.02847 1.03199 1.03259
7.29 1.04262 1.02479 1.02621
7.31 1.03594 1.01908 1.02364
7.33 1.05297 1.02609 0.999005
7.35 1.04176 1.02759 1.02855
7.37 1.05379 1.04446 1.03685
7.39 1.03881 1.03862 1.03352
7.41 1.02092 1.00817 1.03414
7.43 1.00658 1.01 1.00914
7.45 0.980548 0.997968 1.00212
7.47 0.993014 1.01804 1.02112
7.49 0.976828 0.991232 1.00567
7.51 1.00733 0.997466 0.970887
7.53 0.958862 0.995931 1.00131
7.55 0.940989 0.983489 0.970843
7.57 0.942929 0.979778 0.976674
7.59 0.953368 0.995985 0.992844
7.61 0.9579 0.989392 0.967548
7.63 0.956099 0.956565 0.982137
7.65 0.993226 0.971643 0.953646
7.67 0.976593 0.973393 0.966514
7.69 0.986347 0.972076 0.979513
7.71 1.0126 0.977237 0.971156
7.73 0.984828 0.994799 0.973653
7.75 0.998639 0.983489 0.969867
7.77 0.988179 1.00477 0.963055
7.79 1.00501 0.996534 0.97318
7.81 0.982911 0.97568 0.966885
7.83 0.982718 0.963282 0.973025
7.85 0.974276 0.989204 1.00426
7.87 0.969014 0.993618 0.986883
7.89 0.975701 0.985955 0.96757
7.91 0.981692 0.979454 0.96926
7.93 0.970115 0.966064 0.988244
7.95 0.989797 0.963009 0.970864
7.97 0.967383 0.976937 0.994713
7.99 0.991641 0.961655 0.950872
