# theta  CCC  CCSi  SiCSi  SiNSi  CSiC  CSiN  CSiSi  NSiN  NSiSi  SiSiSi
0.5 0 0 0 0 0 0 0 0 0 0
1.5 0 0 0 0 0 0 0 0 0 0
2.5 0 0 0 0 0 0 0 0 0 0
3.5 0 0 0 0 0 0 0 0 0 0
4.5 0 0 0 0 0 0 0 0 0 0
5.5 0 0 0 0 0 0 0 0 0 0
6.5 0 0 0 0 0 0 0 0 0 0
7.5 0 0 0 0 0 0 0 0 0 0
8.5 0 0 0 0 0 0 0 0 0 0
9.5 0 0 0 0 0 0 0 0 0 0
10.5 0 0 0 0 0 0 0 0 0 0
11.5 0 0 0 0 0 0 0 0 0 0
12.5 0 0 0 0 0 0 0 0 0 0
13.5 0 0 0 0 0 0 0 0 0 0
14.5 0 0 0 0 0 0 0 0 0 0
15.5 0 0 0 0 0 0 0 0 0 0
16.5 0 0 0 0 0 0 0 0 0 0
17.5 0 0 0 0 0 0 0 0 0 0
18.5 0 0 0 0 0 0 0 0 0 0
19.5 0 0 0 0 0 0 0 0 0 0
20.5 0 0 0 0 0 0 0 0 0 0
21.5 0 0 0 0 0 0 0 0 0 0
22.5 0 0 0 0 0 0 0 0 0 0
23.5 0 0 0 0 0 0 0 0 0 0
24.5 0 0 0 0 0 0 0 0 0 0
25.5 0 0 0 0 0 0 0 0 0 0
26.5 0 0 0 0 0 0 0 0 0 0
27.5 0 0 0 0 0 0 0 0 0 0
28.5 0 0 0 0 0 0 0 0 0 0
29.5 0 0 0 0 0 0 0 0 0 0
30.5 0 0 0 0 0 0 0 0 0 0
31.5 0 0 0 0 0 0 0 0 0 0
32.5 0 0 0 0 0 0 0 0 0 0
33.5 0 0 0 0 0 0 0 0 0 0
34.5 0 0 0 0 0 0 0 0 0 0
35.5 0 0 0 0 0 0 0 0 0 0
36.5 0 0 0 0 0 0 0 0 0 0
37.5 0 0 0 0 0 0 0 0 0 0
38.5 0 0 0 0 0 0 0 0 0 0
39.5 0 0 0 0 0 0 0 0 0 0
40.5 0 0 0 0 0 0 0 0 0 0
41.5 0 0 0 0 0 0 0 0 0 0
42.5 0 0 0 0 0 0 0 0 0 0
43.5 0 0 0 0 0 0 0 0 0 0
44.5 0 0 0 0 0 0 0 0 0 0
45.5 0 0 0 0 0 0 0 0 0 0
46.5 0 0 0 0 0 0 0 0 0 0
47.5 0 0 0 0 0 0 0 0 0 0
48.5 0 0 0 0 0 0 0 0 0 0
49.5 0 0 0 0 0 0 0 0 0 0
50.5 0 0 0 0 0 0 0 0 0 0
51.5 0 0 0 0 0 0 0 0 0 4.02416e-05
52.5 0 0 0 0 0 0 0 0 0 3.7738e-05
53.5 0 0 0 0 0 0 0 0 0 9.74158e-05
54.5 0 0 0 0 0 0 0 0 0 0.000593299
55.5 0 0 0 0 0 0 0 0 0 0.00137601
56.5 0 0 0 0 0 0 0 0 0 0.00335495
57.5 0 0 0 0 0 0 0 0 0 0.00471239
58.5 0 0 0 0 0 0 0 0 0 0.00553232
59.5 0 0 0 0 0 0 0 0 0 0.00580182
60.5 0 0 0 0 0 0 0 0 0 0.00552641
61.5 0 0 0 0 0 0 0 0 0 0.00521921
62.5 0 0 0 0 0 0 0 0 0 0.00377609
63.5 0 0 0 0 0 8.06608e-05 4.59976e-05 0 6.58177e-05 0.00337761
64.5 0 0 0 0 0 0.000362488 0.000170501 0 0.000556943 0.00253713
65.5 0 0 0 0 0.000218167 0.000965986 0.000569274 0.000209059 0.00117265 0.00201721
66.5 0 0 0 0 0.000478288 0.00133625 0.000825665 0.000207607 0.0015028 0.000964134
67.5 0 0 0 0 0.00104468 0.0014344 0.00197075 0.00197009 0.001576 0.000631557
68.5 0 0 0 0 0.00126285 0.00172109 0.00190117 0.00501161 0.00230735 0.00140004
69.5 0 0 0 0 0.00183763 0.00137804 0.00201178 0.00687863 0.00311014 0.00284145
70.5 0 0 0 0 0.00161317 0.00185326 0.00252282 0.00640679 0.0042184 0.00485375
71.5 0 0 0 0 0.00257604 0.00173761 0.00256348 0.00567218 0.00548935 0.00804906
72.5 0 0 0 0 0.00213551 0.00165986 0.00296252 0.00446283 0.00587421 0.011462
73.5 0 0 0 0 0.00226977 0.00194363 0.0032833 0.00566638 0.006302 0.014041
74.5 0 0 0 0 0.00252989 0.00222157 0.00376759 0.0051989 0.00710051 0.0143743
75.5 0 0 0 0 0.00231173 0.00237707 0.00364 0.00541957 0.00722014 0.0149885
76.5 0 0 0 0 0.00299979 0.00287755 0.00401365 0.00465157 0.00775204 0.0145569
77.5 0 0 0 0 0.00388924 0.00318562 0.00413718 0.00557346 0.00842353 0.0124994
78.5 0 0 0 0 0.00405077 0.00314966 0.00531912 0.00594657 0.00862313 0.0125351
79.5 0 0 0 0 0.00436753 0.00390476 0.0060352 0.0056417 0.0103109 0.0107362
80.5 0 0 0 0 0.00610866 0.00488727 0.00784688 0.00618757 0.0122093 0.00999781
81.5 0 0 0 0 0.00492973 0.00532945 0.00879035 0.00809379 0.0126027 0.0102301
82.5 0 0 0 0 0.00575414 0.00572303 0.00947122 0.00794135 0.013546 0.00945957
83.5 0 0 0 0 0.00731697 0.0058173 0.0100955 0.00876887 0.0138863 0.00876818
84.5 0 0 0 0 0.00938326 0.006 0.0118632 0.00935976 0.0133232 0.0102354
85.5 0 0 0 0 0.012274 0.00708552 0.0120842 0.0101713 0.0135187 0.0107123
86.5 0 0 0 0 0.0140025 0.00901652 0.0119245 0.0113865 0.0133664 0.0119933
87.5 3.0525e-05 0 0 0 0.0139899 0.00846842 0.0128869 0.0142059 0.0141846 0.0124013
88.5 0 1.75439e-05 0 0 0.0147053 0.0105549 0.0138245 0.0147242 0.0165865 0.0128236
89.5 0 5.17962e-05 0 0 0.0137277 0.0120039 0.0144141 0.0150145 0.0170429 0.0134354
90.5 9.15751e-05 1.75439e-05 0 0 0.0133816 0.0128494 0.0158646 0.0176205 0.0176218 0.0137425
91.5 0.000315934 8.68839e-05 0 0 0.0120369 0.0154674 0.0175403 0.0188661 0.0184438 0.0152265
92.5 0.000285409 0.000468672 0 0 0.0123935 0.0174636 0.0179071 0.0190331 0.0195855 0.0159084
93.5 0.000285409 0.000605681 3.52734e-05 0 0.0132222 0.0175442 0.0184819 0.0212297 0.0209277 0.016869
94.5 0.000508242 0.00104428 0.000477954 0 0.0132075 0.0183061 0.0183461 0.0214852 0.0224786 0.0177976
95.5 0.000575397 0.00130242 0.000954145 0 0.0148626 0.0187328 0.0177171 0.0212776 0.0223903 0.0191229
96.5 0.00117216 0.00151211 0.00157496 0 0.0158318 0.0198882 0.0175031 0.0215491 0.022887 0.0175514
97.5 0.00140263 0.00213868 0.00245679 0 0.0163415 0.0217881 0.0176346 0.0218162 0.0218606 0.0189427
98.5 0.00139652 0.00275188 0.00476367 0 0.0146675 0.022309 0.0193337 0.0194469 0.0204681 0.0170368
99.5 0.00155678 0.00350961 0.00682363 0 0.016459 0.0238095 0.0195676 0.0204994 0.0203183 0.0173008
100.5 0.00275946 0.00474937 0.00897531 0 0.0154017 0.0229951 0.0198578 0.0200653 0.0188531 0.0159489
101.5 0.00361569 0.00592565 0.0121446 0 0.0177134 0.0223528 0.0216876 0.0221966 0.0181308 0.014345
102.5 0.00463217 0.00807185 0.0135467 1.5361e-05 0.0166897 0.0243392 0.0205511 0.0224419 0.0171163 0.0143982
103.5 0.00688645 0.00945363 0.0168289 0.000111367 0.0179085 0.0236511 0.0227716 0.0230735 0.0171841 0.0151778
104.5 0.00700855 0.0107861 0.0192698 0.000268817 0.021009 0.0238309 0.0223962 0.0209408 0.0161697 0.0154126
105.5 0.00950702 0.0130167 0.0219647 0.000333333 0.022188 0.0252789 0.0244818 0.0209524 0.0157402 0.0143579
106.5 0.00984432 0.0138521 0.0223598 0.00105453 0.0247724 0.0248134 0.023002 0.0207811 0.0145314 0.0148794
107.5 0.01087 0.0146525 0.0250688 0.00140476 0.0260898 0.0251147 0.02323 0.0216565 0.0150194 0.0172098
108.5 0.0137988 0.0157201 0.0233457 0.00179032 0.0270694 0.0248863 0.0232764 0.0225842 0.0152323 0.0168839
109.5 0.0151404 0.0150008 0.0233933 0.00211137 0.0283784 0.0253168 0.0230431 0.0217697 0.0164499 0.0181428
110.5 0.0176725 0.0171186 0.0227108 0.00198387 0.0272247 0.0255296 0.0219624 0.0219222 0.0177866 0.0188041
111.5 0.0197955 0.0191662 0.0223827 0.00175346 0.030493 0.0234781 0.0220258 0.0205212 0.0174795 0.0179123
112.5 0.0260317 0.0230309 0.0292751 0.00315131 0.0298154 0.0225889 0.0218975 0.0227599 0.0188191 0.0197137
113.5 0.0304518 0.0281738 0.0318413 0.00747619 0.0287728 0.0233479 0.0205139 0.0207303 0.017492 0.0175134
114.5 0.0379289 0.0372155 0.0389101 0.019086 0.0293812 0.0224004 0.0192667 0.0218278 0.0176002 0.0183885
115.5 0.0513675 0.047924 0.0492963 0.0410307 0.0290959 0.0205112 0.0188817 0.0200668 0.0162369 0.0184564
116.5 0.0657357 0.0633241 0.0672857 0.0765292 0.0261527 0.0196122 0.018178 0.0206954 0.0149195 0.0173575
117.5 0.0798336 0.0799708 0.0798713 0.118033 0.0241682 0.0200505 0.0180495 0.0201568 0.0140211 0.0170081
118.5 0.0958929 0.0958421 0.0846878 0.148035 0.0223705 0.0192536 0.0172834 0.0179268 0.0126414 0.0165765
119.5 0.10944 0.104338 0.0906155 0.151948 0.0186784 0.0191983 0.0162871 0.0165694 0.012823 0.0166482
120.5 0.110786 0.101099 0.0807072 0.134067 0.0167065 0.0173158 0.0170595 0.0130183 0.0128158 0.0144262
121.5 0.0935287 0.0866926 0.0653721 0.103369 0.0162345 0.0172488 0.0159215 0.0113531 0.0121513 0.0135469
122.5 0.068634 0.0657435 0.0480758 0.0739977 0.0144913 0.015035 0.0147722 0.00972125 0.011922 0.0124402
123.5 0.0459829 0.0449733 0.0341093 0.0472657 0.0143424 0.0151837 0.0146765 0.00989692 0.0116551 0.0114596
124.5 0.0270085 0.0279131 0.0206138 0.0296805 0.0142668 0.0120224 0.0127983 0.00874855 0.010309 0.00985036
125.5 0.0149679 0.016284 0.0132716 0.0177358 0.0121523 0.0123275 0.0119294 0.00667247 0.00913079 0.00864112
126.5 0.00815629 0.00860234 0.00704938 0.00921736 0.0121544 0.0107085 0.0100683 0.0066144 0.00841785 0.00764848
127.5 0.00313339 0.00427318 0.00308466 0.00480568 0.0117034 0.00979592 0.00891605 0.00627468 0.00794406 0.00707389
128.5 0.00142705 0.00167084 0.00230864 0.00174654 0.011437 0.00991545 0.00841499 0.0056417 0.0075557 0.00686748
129.5 0.000383089 0.00100334 0.000918871 0.00129263 0.00969583 0.00933916 0.00692783 0.00518438 0.0069678 0.00634489
130.5 9.61538e-05 0.000418546 0.000809524 0.000497696 0.00890707 0.00874441 0.00664971 0.00559379 0.00673651 0.0057038
131.5 3.20513e-05 0.000259816 0.000622575 9.67742e-05 0.00733166 0.0083207 0.00631417 0.00521632 0.00714065 0.00578064
132.5 0 0.00013868 0.00054321 7.98771e-05 0.00667296 0.008207 0.00659511 0.00402294 0.00627758 0.00593002
133.5 3.0525e-05 3.50877e-05 0.000513228 3.149e-05 0.00541431 0.00849174 0.00641631 0.00441783 0.0064478 0.00482641
134.5 0 3.42523e-05 0.000439153 0 0.00384938 0.00629543 0.00598921 0.00304443 0.0060857 0.00475963
135.5 0 0 0.000259259 0 0.00344871 0.00638192 0.00583442 0.00274535 0.0053421 0.004239
136.5 0 1.75439e-05 0.000296296 0 0.00293056 0.00476579 0.00502277 0.00304152 0.00553738 0.00390448
137.5 0 0 0.000109347 0 0.00282358 0.00465403 0.00443023 0.00284843 0.00598127 0.00319107
138.5 0 0 3.52734e-05 0 0.00327669 0.00381827 0.00395921 0.00229675 0.00500197 0.00336855
139.5 0 0 0 0 0.00314244 0.00401361 0.00417606 0.0023795 0.00510271 0.00415289
140.5 0 0 0 0 0.0030837 0.00331293 0.00409892 0.00286876 0.00495137 0.00378359
141.5 0 0 0 0 0.00331026 0.00322643 0.00413373 0.00268293 0.00457206 0.00405196
142.5 0 0 0 0 0.00366058 0.00287366 0.00396186 0.00244919 0.00410853 0.0038636
143.5 0 0 0 0 0.00361863 0.00294947 0.00415451 0.00274971 0.00429971 0.00328177
144.5 0 0 0 0 0.00375708 0.00297668 0.00375915 0.00232143 0.00325426 0.0032835
145.5 0 0 0 0 0.00288022 0.00314966 0.00312779 0.00253484 0.0034763 0.00267672
146.5 0 0 0 0 0.00297671 0.00286978 0.00247731 0.00256243 0.00340536 0.00343137
147.5 0 0 0 0 0.00243549 0.00317881 0.00201244 0.00311121 0.00282995 0.00304089
148.5 0 0 0 0 0.00178099 0.00300875 0.00150065 0.00231998 0.00289685 0.00347487
149.5 0 0 0 0 0.00160898 0.0026861 0.0015102 0.00286876 0.00326646 0.00300223
150.5 0 0 0 0 0.000782463 0.00228474 0.00187986 0.00211092 0.00332704 0.00280824
151.5 0 0 0 0 0.000526537 0.00228183 0.00160905 0.00180314 0.00308007 0.00275981
152.5 0 0 0 0 0.000264317 0.00193489 0.00162922 0.00178571 0.0029223 0.00250988
153.5 0 0 0 0 0.000302077 0.00145481 0.00153468 0.00174506 0.0026971 0.00208836
154.5 0 0 0 0 0.000220264 0.00133722 0.00190333 0.00153891 0.00281752 0.00171012
155.5 0 0 0 0 0.000306272 0.000868805 0.00172443 0.00132985 0.0029605 0.00140313
156.5 0 0 0 0 0.000390183 0.000874636 0.00135284 0.00248113 0.00274341 0.00110333
157.5 0 0 0 0 0.000694357 0.00052381 0.00125832 0.00274681 0.00253791 0.00121187
158.5 0 0 0 0 0.000742605 0.000664723 0.000922351 0.00277875 0.00269972 0.00152273
159.5 0 0 0 0 0.00100273 0.000524781 0.00106143 0.00272648 0.00238095 0.00161877
160.5 0 0 0 0 0.00131319 0.000506317 0.00101193 0.00318235 0.00229324 0.00216593
161.5 0 0 0 0 0.00139081 0.000464529 0.00098305 0.00349448 0.00194752 0.00243419
162.5 0 0 0 0 0.00166142 0.000608358 0.00104243 0.00320557 0.00182864 0.00199045
163.5 0 0 0 0 0.00156493 0.000603499 0.00132492 0.00323461 0.00164013 0.00193964
164.5 0 0 0 0 0.00148731 0.000988338 0.00121259 0.00320267 0.00148937 0.00182053
165.5 0 0 0 0 0.00178099 0.00103207 0.00149058 0.00259437 0.00110628 0.00127932
166.5 0 0 0 0 0.00178099 0.00102721 0.0012768 0.00229675 0.00107332 0.00102507
167.5 0 0 0 0 0.00183763 0.00131487 0.00110779 0.00193089 0.00101632 0.000826022
168.5 0 0 0 0 0.00126495 0.00113022 0.00170802 0.00207753 0.00105126 0.000671139
169.5 0 0 0 0 0.00139291 0.00076482 0.00132546 0.0016565 0.00118455 0.000895122
170.5 0 0 0 0 0.00105307 0.000528669 0.00126961 0.00202381 0.000997228 0.000671554
171.5 0 0 0 0 0.00100482 0.000586006 0.00122842 0.00159988 0.00100748 0.000887854
172.5 0 0 0 0 0.0013992 0.000568513 0.00130297 0.00136034 0.00124513 0.000768247
173.5 0 0 0 0 0.00113489 0.000283771 0.0010454 0.00163037 0.00125012 0.000613346
174.5 0 0 0 0 0.000918817 0.000161322 0.000830512 0.0012108 0.00114947 0.000432928
175.5 0 0 0 0 0.00104678 0 0.000581823 0.000937863 0.000911542 0.000595829
176.5 0 0 0 0 0.000568492 2.04082e-05 0.000648181 0.000484901 0.000799314 0.000551996
177.5 0 0 0 0 0.000213971 0 0.000355751 0.000242451 0.000645316 0.000394199
178.5 0 0 0 0 0.000304175 5.92809e-05 0.000212513 0.000121951 0.000392251 0.000470313
179.5 0 0 0 0 0 0 7.65497e-05 3.04878e-05 0.000120401 0.000159826
